	player_id	Team	year	Age	AB	PA	BA	OBP	SLG	OPS	HR	BB%	K%	Bat Speed	Fast swing %	Swing Length	Attack Angle	Attack Direction	Ideal Angle %	Swing Tilt	AVG EV	AVG LA	Barrel %	Hard Hit%	EV90	Z-Swing%	Z-Whiff%	Chase%	O-Whiff%	Pull Air%	Max EV
Cavan Biggio	624415	FA	2025	30	69	83	0.174	0.296	0.246	0.542	1	13.3	25.3	68	5.4	7	13.8	-6.7	56.8	36.9	89.8	20.9	4	36	100.3	55.7	16.7	17.7	57.1	28	104
Pete Crow-Armstrong	691718	CHC	2025	23	591	647	0.247	0.287	0.481	0.768	31	4.5	24	72.7	28.5	7.2	14.6	-3.5	50.1	34.9	89.5	20	13	41.6	105.2	81.2	18	41.7	47.3	30.2	113.2
Adael Amador	691182	COL	2025	22	113	128	0.177	0.256	0.265	0.521	1	8.6	21.1	70.6	12.1	7.3	5.2	-7.7	40.1	29.9	84.8	15.2	3.4	24.7	100.8	66.8	12.4	27	41.7	21.3	103.5
Jacob Stallings	607732	BAL	2025	35	119	129	0.134	0.195	0.168	0.363	0	4.7	31	67.1	0.4	7.2	12.3	3.5	51.1	31.7	85	10.6	1.3	26.3	98.3	71	25.3	39.6	50.5	17.5	104.4
Anthony Volpe	683011	NYY	2025	24	539	596	0.212	0.272	0.391	0.663	19	7.2	25.2	72.6	28.6	7.2	11	5.6	64.9	31.5	89.3	12.4	10.5	41.9	103.8	65.7	21.7	23.9	35.6	13	110.5
Tyrone Taylor	621438	NYM	2025	31	310	341	0.223	0.279	0.319	0.598	2	4.7	22.3	70.3	9.9	7.5	8.1	-8.4	53	32.3	86.5	19.4	3.8	35.1	102.7	65.4	11.2	30.4	51.1	24.2	109.5
Akil Baddoo	668731	MIL	2025	26	17	18	0.118	0.167	0.176	0.343	0	5.6	27.8	71.2	21.9	7.7	15.5	-2.3	62.5	26.9	90.3	9.1	0	41.7	#N/A	84.6	13.6	50	57.1	16.7	108.5
Willi Castro	650489	COL	2025	28	402	454	0.226	0.313	0.366	0.679	11	8.8	24.4	71.6	21.1	7.2	7.7	-3.5	43.7	37.3	86.7	11.2	6.5	37.3	104.4	72	20.4	31.9	46.5	19.5	111.9
Randy Arozarena	668227	SEA	2025	30	613	709	0.238	0.334	0.426	0.76	27	9	26.9	72.3	29.8	7.4	8.7	0.4	62.1	25.3	91.3	12.9	11.5	50.6	106.7	62.6	24.1	25.2	43.9	17.6	112.3
Brandon Lockridge	663604	MIL	2025	28	134	148	0.231	0.276	0.299	0.575	0	5.4	24.3	71.1	17.3	6.7	4.9	4	38.8	29.6	87.1	2.3	2.9	32	101.9	68.7	16.5	33.7	47.1	5.8	108.1
Oliver Dunn	686554	CHW	2025	27	36	41	0.167	0.205	0.222	0.427	0	4.9	26.8	72.9	21.4	7.4	9.1	2.1	50	28.6	87.3	3.8	0	32.1	#N/A	63.5	27.8	15.9	54.5	3.6	109.1
Moises Ballesteros	694208	CHC	2025	21	57	66	0.298	0.394	0.474	0.868	2	13.6	18.2	72.7	29.9	7	5	9.5	46.4	28.8	89.1	0.9	6.7	33.3	#N/A	69.9	25.3	27.2	29.7	4.4	112.8
Alec Bohm	664761	PHI	2025	28	464	504	0.287	0.331	0.409	0.74	11	5.8	16.3	71.7	18.2	7.3	5.4	4.5	47	29.7	90.8	6.8	6.2	46.4	104.2	66.9	9.7	26.3	29.4	7.7	109.6
Christian Vazquez	543877	FA	2025	34	190	214	0.189	0.271	0.274	0.545	3	8.4	16.4	67	2.2	6.8	7.6	-1.2	58.5	26.8	85.9	15.3	3.8	27.4	#N/A	60.2	11.3	25.7	29.6	21.7	104.2
Enrique Hernandez	571771	FA	2025	33	232	256	0.203	0.255	0.366	0.621	10	7	26.6	71.1	14.2	7.5	10.3	-3.8	53.2	30	90.3	16.3	9.4	37.6	#N/A	70.8	18	31.9	52.7	22.4	111
Sam Huff	669087	BAL	2025	27	53	58	0.208	0.259	0.34	0.599	2	6.9	43.1	73.6	36.5	7.5	10.9	-5.3	56.3	30.4	89.3	4.1	13.8	37.9	#N/A	65.6	32.9	24.3	69.2	10.3	104.9
Nick Ahmed	605113	FA	2025	35	9	10	0	0.1	0	0.1	0	10	30	68.8	0	7.4	15.8	-0.9	81.3	26.4	83.4	13.2	0	16.7	#N/A	70.6	50	42.9	50	#N/A	97.6
Otto Kemp	805249	PHI	2025	25	197	218	0.234	0.298	0.411	0.709	8	5.5	30.7	72.8	26.7	7.5	11.7	-7.8	45.8	34.7	89.9	11.5	12.1	44.7	104.7	73.2	23	29.4	62.5	17.4	111.2
Connor Wong	657136	BOS	2025	29	168	188	0.19	0.262	0.238	0.5	0	8.5	22.3	72.3	23.2	7.3	11.6	-2.2	46.3	30.5	85.5	10.4	3.1	31	103.8	64.3	15.8	32.3	42.5	12.4	111.5
Oswald Peraza	672724	LAA	2025	25	244	265	0.164	0.223	0.25	0.473	5	6.4	30.2	73.6	33.5	7.7	7.6	-2.7	52	26.3	87.1	8	6.7	38.8	104.9	73.3	25.3	30.3	54.9	14.5	112.2
Michael Conforto	624424	FA	2025	32	418	486	0.199	0.305	0.333	0.638	12	11.5	24.9	74	42.6	7.3	10.2	1.1	47.8	32	89.9	12.9	9.7	44	105.5	66.2	18.1	23.2	44.9	16	112.9
Jonny DeLuca	676356	TB	2025	26	57	59	0.333	0.356	0.456	0.812	0	3.4	22	71	14.1	7.7	6.7	-9.1	58.6	26.2	85.6	10.3	2.3	31.8	#N/A	65.4	15.7	36.8	37.2	22.7	106.4
Andres Chaparro	665953	WSH	2025	26	66	73	0.182	0.247	0.258	0.505	1	6.8	30.1	73.3	29.7	7.3	9.3	-12.6	49.2	30.8	86	16.5	11.1	37.8	#N/A	69.5	19.8	34.4	55.8	28.9	110.6
Luis Garcia Jr.	671277	WSH	2025	25	488	526	0.252	0.289	0.412	0.701	16	5.1	16	72.4	28	7.4	10.7	-2.6	62.4	28.6	90.2	9.2	9	45.8	105.2	71.4	11.2	37.9	39.8	15.5	111.7
Nicky Lopez	670032	COL	2025	30	24	28	0.042	0.179	0.042	0.221	0	14.3	14.3	67.7	2.5	6.6	7.9	3.7	50	26.5	84.8	-5.5	0	40	#N/A	71.4	7.5	12	16.7	10	104.7
Alex Bregman	608324	CHC	2025	31	433	495	0.273	0.36	0.462	0.822	18	10.3	14.1	71	9	7.1	13.5	-5.1	65.8	28.1	90.1	17.7	6.6	44.4	102.8	59.6	9.4	19.8	33.7	24.4	109.6
Edmundo Sosa	624641	PHI	2025	29	243	261	0.276	0.307	0.469	0.776	11	3.8	21.5	72.3	26.2	8.1	10.1	-2.2	56	33.9	87.7	9.4	6.3	38	104.1	69.8	16.2	45.5	38.8	16.1	110.6
Daniel Schneemann	682177	CLE	2025	28	379	422	0.206	0.283	0.354	0.637	12	9	27.7	70.9	12	7	14	3.1	50.3	34.9	88.9	10.9	11.4	41.7	103.4	64.7	22.2	25.9	48.1	14.8	111.2
Jeremiah Jackson	669236	BAL	2025	25	170	183	0.276	0.328	0.447	0.775	5	6	27.3	71.9	21	7.3	11.9	-0.4	62.4	27.2	90.6	10.9	7.5	46.7	105	72.6	24.9	34.2	50	10	110.5
Javier Sanoja	691594	MIA	2025	22	313	342	0.243	0.287	0.396	0.683	6	5.6	12	68.3	3.8	7.3	2.2	-3	32.3	20.4	88.5	10.8	1.8	35	102	60.8	8.3	30.6	22.1	19.3	107.3
Jakob Marsee	805300	MIA	2025	24	209	234	0.292	0.363	0.478	0.841	5	9.4	20.5	70.5	3.9	6.8	5.3	-2.2	43.3	33.3	88.9	10.9	8	41.4	104.6	63.1	12.7	19.9	44.4	14.8	111.1
Casey Schmitt	669477	SF	2025	26	312	348	0.237	0.305	0.401	0.706	12	7.8	23.9	71.7	20.6	7.5	11.4	-7.7	47.1	35	89.5	19.2	9	43.8	105.1	71.9	14.6	31.6	50.9	26.2	111.6
Jose Azocar	640492	ATL	2025	29	19	21	0.263	0.333	0.263	0.596	0	9.5	4.8	70.2	13.8	6.8	2.3	4.2	34.5	39.3	86.4	7.1	0	27.8	#N/A	67.7	0	30.6	18.2	#N/A	109.4
Gary Sanchez	596142	FA	2025	32	91	101	0.231	0.297	0.418	0.715	5	4	26.7	73.1	33.8	7.6	13.3	-7.8	62.1	29.4	93.3	18.4	10.8	57.8	#N/A	59.8	16	24.3	55.1	27.7	111.7
Ketel Marte	606466	ARI	2025	31	480	556	0.283	0.376	0.517	0.893	28	11.5	14.9	74.6	45.5	7.8	10.1	-7.2	61.5	32	90.8	14.8	13.5	47	107.3	67.3	15.8	24.7	39.8	23.5	119.6
J.T. Realmuto	592663	PHI	2025	34	502	550	0.257	0.315	0.384	0.699	12	6.4	23.5	72	26.3	7.5	12.4	1	52.8	34.2	90	11.1	8.8	45.5	105.8	65.6	14.6	32.3	43.2	14.1	110.4
Nolan Gorman	669357	STL	2025	25	351	402	0.205	0.296	0.37	0.666	14	11.7	33.8	72.7	24.5	7.6	14.8	-1.8	50.5	34.1	89.6	22.3	9.1	41.1	104.5	66.6	26.6	27.7	54.2	25.1	111.6
Ramon Laureano	657656	SD	2025	30	441	488	0.281	0.342	0.512	0.854	24	7.2	24.4	72.2	22.3	7	15.6	1	47.3	35.1	90.3	13.4	13.8	49.1	#N/A	67.2	19.8	25.8	49.4	21.8	112.7
Tyler Fitzgerald	666149	SF	2025	27	217	243	0.217	0.278	0.327	0.605	4	7	28.8	69.2	3.9	7.4	13.6	-4.6	48.1	35.1	84.5	17	4.5	27.9	100.7	72	20.2	32.8	56	16.9	107
Dustin Harris	687957	CHW	2025	25	40	43	0.2	0.256	0.35	0.606	1	7	30.2	67.2	0	6.9	11.7	-8.8	32.1	40.3	86.9	16.1	3.7	25.9	#N/A	72.2	6.2	32.2	65.5	18.5	106.4
Garrett Mitchell	669003	MIL	2025	26	68	78	0.206	0.286	0.294	0.58	0	9	32.1	76.1	70.3	7.4	10	7.3	64.4	31.7	90.4	10.8	6.7	42.2	108.3	65.8	19	23.8	63.9	13.3	110.8
Zac Veen	691728	COL	2025	23	34	37	0.118	0.189	0.235	0.424	1	5.4	37.8	71	13	6.9	7	6	46.4	30.1	90.2	18.3	5	30	#N/A	88	36.4	32.3	66.7	15	109.2
Ryan O'Hearn	656811	PIT	2025	31	474	544	0.281	0.366	0.437	0.803	17	10.7	20	71.8	17.8	7.1	11.2	1.7	43.3	33.4	89.4	11.4	7.6	42.5	103.1	66.8	15.7	26.8	42.1	14.4	109.4
Oswaldo Cabrera	665828	NYY	2025	26	107	122	0.243	0.322	0.308	0.63	1	9	20.5	69.3	1.6	7.3	8.6	-0.8	59.3	32.1	89.1	8.8	0	34.5	102	69.1	19.3	28.6	35.9	14.3	107.5
Zach Neto	687263	LAA	2025	24	502	554	0.257	0.319	0.474	0.793	26	6	26.9	71.4	13.3	7.1	18.1	-5.7	48.2	39	91	17.5	14	46.6	105.7	69.4	18.6	30.1	50.7	24	111.3
Nathaniel Lowe	663993	FA	2025	29	540	609	0.228	0.307	0.381	0.688	18	10.2	26.1	72.7	24.3	7.2	6.6	7.9	47.2	30.1	89	10.9	7	41.5	105.1	63.8	17.4	24	45.8	13	111.7
Tyler Tolbert	686475	KC	2025	27	50	57	0.28	0.321	0.38	0.701	1	1.8	19.3	69.7	5.6	6.9	10.3	-9.9	52.2	27.5	88.3	11.3	2.4	38.1	#N/A	82.8	14.3	31.3	56.7	14.3	106.1
Joey Bart	663698	PIT	2025	28	285	332	0.249	0.355	0.34	0.695	4	12	28	74.3	44.4	7.3	8.8	-1.4	43.6	34.1	88.4	9	10.4	43.2	106.7	59.5	15.9	23.2	55.8	14.1	113.1
Isiah Kiner-Falefa	643396	FA	2025	30	431	459	0.262	0.297	0.334	0.631	2	3.7	16.8	66.6	1.2	6.9	4.4	3.7	37.5	32.5	84.6	4	1.4	27.5	100.1	63.7	8.1	32.1	31.4	10.6	106.3
Starling Marte	516782	FA	2025	36	293	329	0.27	0.335	0.41	0.745	9	6.7	20.7	72.6	33.2	7.3	8.7	-0.3	46.5	35.4	87.6	10	7.8	40.4	106.3	67.8	17.6	29.6	48.9	14.8	111
Justyn-Henry Malloy	669234	TB	2025	25	104	127	0.221	0.346	0.308	0.654	1	15.7	25.2	70.5	8.2	7.1	16	-0.8	53.6	40.7	86.9	20.5	4.1	31.1	102.7	62.5	22.2	19.8	50	18.9	111.7
Owen Caissie	683357	MIA	2025	22	26	27	0.192	0.222	0.346	0.568	1	3.7	40.7	74.8	54.5	6.9	8.2	-0.6	45.5	35.2	87.3	14	13.3	20	#N/A	83	31.8	38	57.9	6.7	114
Adrian Del Castillo	680728	ARI	2025	25	120	131	0.242	0.29	0.392	0.682	4	6.1	35.9	72.4	20.4	7	14	-5.7	48	33.6	89.9	19	6.7	49.3	105.1	62.1	26	30.4	50	26.7	108.7
Alex Freeland	690976	LAD	2025	23	84	97	0.19	0.292	0.31	0.602	2	11.3	36.1	70.7	12.9	7.2	12.8	-1.8	63.3	30.9	90.7	20.7	8	38	101.2	55.1	24	19.3	51.3	28	107.2
Austin Hedges	595978	CLE	2025	32	155	180	0.161	0.25	0.277	0.527	5	10	23.9	71.5	15.3	7.6	13.2	-9.3	66.8	26.6	88.2	25.1	3.4	32.2	103.8	74.1	20	29.8	55.2	28.8	108.6
Edouard Julien	666397	MIN	2025	26	182	208	0.22	0.309	0.324	0.633	3	10.6	29.3	70.2	6.4	7	13.8	5.6	45.4	41.6	89.2	6.1	12.2	42.3	105.1	61	17.7	19.8	51.7	11.4	110.1
Masataka Yoshida	807799	BOS	2025	31	188	205	0.266	0.307	0.388	0.695	4	4.9	11.7	71.9	21.4	7.4	10	-1.7	51.9	32.8	90.2	5.7	6.5	44	104	58.5	7.8	27.3	35.2	19.6	112.4
Jonathan Ornelas	680716	NYY	2025	25	9	10	0.222	0.3	0.222	0.522	0	10	30	72.3	29.4	7.1	6.6	-5.7	52.9	26.6	81.2	-12.5	0	33.3	#N/A	70	7.1	28.6	66.7	#N/A	100.9
Kyle Higashioka	543309	TEX	2025	35	303	327	0.241	0.291	0.403	0.694	11	6.1	22	70.9	9.6	7.2	12.6	-6.8	55.1	32.3	88.9	17.2	8.6	39.1	103.2	61.4	12.8	27.5	43.5	26.2	108.8
Rhylan Thomas	689041	SEA	2025	25	8	10	0.125	0.2	0.25	0.45	0	10	0	66.2	0	6.7	4.4	2.1	42.1	30.5	83.7	14.5	0	33.3	#N/A	88.2	0	29.4	20	#N/A	101.4
Carlos Narvaez	665966	BOS	2025	26	403	446	0.241	0.306	0.419	0.725	15	8.5	24.9	72.3	20.5	7.6	9.2	2.4	54.1	30	91.1	13.2	9.1	44.6	#N/A	67.3	19.5	29.6	47.3	16.2	111.2
Brandon Marsh	669016	PHI	2025	27	379	425	0.28	0.342	0.443	0.785	11	8.9	25.9	71.4	13.9	7.1	9.4	-0.3	41	38.5	91.1	12.6	8.3	46.4	103.7	66.3	11.4	29	48.6	16.7	111.1
Paul DeJong	657557	NYY	2025	31	193	208	0.228	0.269	0.373	0.642	6	5.3	33.7	72.2	16.4	6.9	16	-4.1	52.8	34.7	88.1	22.7	10.3	39.7	105.2	76.2	21.2	36.9	59.6	24.6	110.6
Victor Caratini	605170	MIN	2025	31	344	386	0.259	0.324	0.404	0.728	12	6	16.8	72.3	23.6	7	10.7	-3.6	56.8	34.9	88.7	12.5	7.7	40.7	103.7	68.2	14.8	23.5	35.6	15.8	110.1
Riley Adams	656180	WSH	2025	29	263	286	0.186	0.252	0.308	0.56	8	6.3	38.5	78.3	79.2	7.9	8.5	-1	40.4	34.6	91.8	9.1	10.5	52.3	107.7	65.4	23	30.5	60.7	15	115.4
Nolan Jones	666134	CLE	2025	27	355	403	0.211	0.296	0.304	0.6	5	9.7	28	72.7	31.4	6.9	8.9	-0.1	45.2	35.4	90.8	13	8.5	46.7	105.2	63.4	21.3	26.8	46.2	15	112.7
Adam Frazier	624428	FA	2025	33	419	459	0.267	0.319	0.365	0.684	7	5.7	17.6	65.9	1.6	6.9	11.4	3	45.6	39.2	85.3	14.5	2	20.6	98	71.2	13.8	29.5	35.1	19.8	104.6
Jacob Amaya	676070	ARI	2025	26	66	73	0.106	0.139	0.121	0.26	0	4.1	21.9	66.8	2.2	7.1	8.2	5.4	66.3	29.8	88.5	12.4	0	29.6	#N/A	53.5	14.5	24.4	32.3	5.6	108
Josh Naylor	647304	SEA	2025	28	543	604	0.295	0.353	0.462	0.815	20	7.9	13.7	71	17.9	7.6	7.5	-8.3	44	31.4	89.2	11.6	6.7	41.9	104.3	72.5	13.2	37.1	37.9	19.6	117.9
Andy Pages	681624	LAD	2025	24	581	624	0.272	0.313	0.461	0.774	27	4.6	21.6	72.6	21.5	7.9	7.8	-4	48.3	40.6	88.6	16.9	8.4	37.2	104.4	70.5	12.9	33.2	42.3	20.1	110.6
Chandler Simpson	802415	TB	2025	24	414	441	0.295	0.326	0.345	0.671	0	4.5	9.8	64.2	0.3	6.3	3.5	6.9	39.2	30.2	84.3	0.5	0	17.3	96.7	62.5	7.5	29.8	22.9	6.1	107.6
Pedro Pages	686780	STL	2025	26	361	389	0.23	0.272	0.363	0.635	11	4.9	27.5	72.6	27.3	7.1	7.1	-3	41.1	30.4	88	12.4	7.3	36.5	#N/A	66.8	14.8	36.1	52.5	15.8	111.7
Troy Johnston	687859	COL	2025	28	112	121	0.277	0.331	0.42	0.751	4	6.6	21.5	70.6	5.3	7.1	11.3	-4.1	54.5	32	89.6	14.6	9.3	40.7	103.6	67.6	22.7	36	46.3	19.8	106.1
Jake Mangum	663968	PIT	2025	29	405	428	0.296	0.33	0.368	0.698	3	4.4	15	67.3	5.3	6.5	2.3	11.6	31	29.2	87.3	-0.7	2.6	33.4	102	78.7	13.2	43.7	29.8	5.5	108.3
Alec Burleson	676475	STL	2025	26	497	546	0.29	0.343	0.459	0.802	18	7.1	14.5	72.4	29.2	7.5	10	0.3	57.5	31.8	91	15.2	9.5	43	106.1	69.5	13.1	28.8	29.7	13.5	111.1
Tristan Gray	656484	BOS	2025	29	78	86	0.231	0.282	0.41	0.692	3	7	22.1	74.4	49.6	7.3	8.2	-11.1	47.5	31.3	91.4	18.5	13.1	44.3	106.9	76.1	26.6	27.6	47.6	27.9	110.6
Blaine Crim	688760	COL	2025	28	65	74	0.2	0.27	0.462	0.732	5	8.1	37.8	73.7	31	7.3	10.3	-8	56	29.2	92.2	14.9	15.4	53.8	#N/A	61.3	27.2	27	55.3	12.8	111.4
Blake Dunn	694362	CIN	2025	26	60	75	0.15	0.32	0.233	0.553	1	10.7	33.3	70	6.4	6.2	4.6	6.2	38.2	38.2	88.6	-0.3	8.6	37.1	103.2	62.5	26.7	24.7	46.5	8.6	110
Rafael Devers	646240	SF	2025	28	607	729	0.252	0.372	0.479	0.851	35	15.4	26.3	71.6	19.8	7.6	10	4.5	59.5	29.9	93.5	12.6	16	56.1	108.2	70.1	28.6	25.5	39.2	17.2	114.5
Michael Stefanic	683021	ATH	2025	29	22	25	0.182	0.28	0.182	0.462	0	12	12	67.8	7.4	6.6	6.1	-0.8	29.6	32.1	90.7	10.6	5.3	42.1	#N/A	55.3	15.4	21.6	18.2	31.6	102.8
Hunter Renfroe	592669	FA	2025	33	99	108	0.182	0.241	0.242	0.483	0	7.4	19.4	74.5	43.7	7.6	9.1	-6.7	64.2	25.6	88.5	17	6.3	35.4	105	62.4	14	25.9	45.1	24.1	110.5
James Outman	681546	MIN	2025	28	134	148	0.134	0.216	0.321	0.537	6	8.1	42.6	72.7	27	7.8	18.3	-6.3	46.1	37.6	88	18	16.9	39.4	106.8	66	27.7	28.4	70.6	19.7	110.5
Christian Koss	683766	SF	2025	27	174	191	0.264	0.309	0.368	0.677	3	4.7	23.6	69.9	6	7.1	9	5	57.6	28.2	86.9	5.5	6	33.6	104.3	72	26.4	34.4	45	12.7	108.1
Owen Miller	680911	FA	2025	28	14	17	0.143	0.294	0.143	0.437	0	11.8	23.5	70.6	10.7	6.6	5.8	1.8	32.1	35.9	76.7	-1.5	0	20	#N/A	62.9	13.6	30.3	10	20	106.7
Jordan Beck	687597	COL	2025	24	539	588	0.258	0.317	0.416	0.733	16	7.3	29.6	73.2	32.9	7.7	10.7	-3.3	51.7	32.8	87.4	12.8	9.6	38.5	105.3	67.2	23.1	27.4	51.4	17.2	113.8
Will Brennan	686823	FA	2025	27	11	13	0.091	0.231	0.091	0.322	0	7.7	7.7	69.3	0	7.2	6.8	-3.7	35.3	31.2	82.2	8.2	0	30	#N/A	68.4	30.8	25.9	14.3	10	102.8
Ryan Mountcastle	663624	BAL	2025	28	332	357	0.25	0.286	0.367	0.653	7	4.2	27.5	75.2	52.7	7.5	7.4	-1.1	40.4	36	90.7	9.1	11.7	47.1	106.3	75.5	22.4	39.6	50.2	14.6	116.7
Josh Lowe	666139	LAA	2025	27	396	435	0.22	0.283	0.366	0.649	11	7.6	25.1	72.4	27.5	7.3	7.1	-0.4	45.6	35.9	88.6	9.3	5.9	39.6	103.8	71.8	25	37.1	34.8	16.6	109.2
Alan Roden	702176	MIN	2025	25	136	153	0.191	0.261	0.294	0.555	2	5.2	24.2	70.1	12.5	7.2	9.8	-5.5	45.1	27	86.4	2.3	2	30.4	104.4	61.6	12.2	32.4	46.6	12.7	107.6
Griffin Conine	665052	MIA	2025	27	79	86	0.253	0.314	0.418	0.732	2	8.1	29.1	74.4	45.3	7.5	11.9	1	46.8	28.2	90.9	8	14.8	48.1	107.2	64.7	29.8	22.5	58.8	14.8	117.4
Matt Chapman	656305	SF	2025	32	454	535	0.231	0.34	0.43	0.77	21	13.3	23.6	75	50.8	7.5	5.6	-3.8	53.3	25.4	92.2	15.7	9.9	47.6	107.5	63.8	19.3	20.1	45.2	19.9	113.5
Zach Cole	805904	HOU	2025	24	47	52	0.255	0.327	0.553	0.88	4	9.6	38.5	75	48.7	7.4	9.9	-1.1	44.9	31.7	90.1	12.8	14.8	48.1	#N/A	61.7	31	26.6	69	22.2	114.3
Andrew Knizner	668800	SEA	2025	30	77	88	0.221	0.299	0.299	0.598	1	8	11.4	69.2	7.4	6.9	8.5	-0.9	54.1	25.7	84.2	16	1.4	23.2	99.8	56	14.3	39.7	29.3	15.9	108.1
Ronald Acuna Jr.	660670	ATL	2025	27	338	412	0.29	0.417	0.518	0.935	21	17.2	24.8	76.4	67.3	7.6	11.9	6.2	50.9	38.7	92.7	13.3	15.7	52.5	109.8	69.3	26.2	23.1	42.6	13.6	115.5
J.C. Escarra	641555	NYY	2025	30	84	98	0.202	0.296	0.333	0.629	2	11.2	14.3	72.8	26.4	7.5	6.7	-8.7	52.8	27.3	90.8	11.5	5.6	43.1	104.6	65.2	10.9	20.8	46.3	18.1	107.1
Anthony Seigler	678011	MIL	2025	26	62	73	0.194	0.292	0.21	0.502	0	11	21.9	66.9	0	6.5	12.1	5.9	59.2	35.1	89.3	10.6	2.1	37.5	#N/A	67.2	18.5	18	60	12.5	103.5
Tyler Wade	642180	TEX	2025	30	107	127	0.206	0.309	0.252	0.561	0	11.8	24.4	65	1.2	6.7	7.3	-1.3	45.7	31.8	82.6	8.3	0	15	96.1	60	17.6	26.6	48.4	12.5	100.5
Mike Trout	545361	LAA	2025	33	456	556	0.232	0.359	0.439	0.798	26	15.6	32	74	40.1	7.5	7.6	0.2	44.8	36.4	90.9	17.5	15.8	49.3	107.9	55.9	20.7	20.7	56.2	20.1	115.4
Brooks Lee	686797	MIN	2025	24	487	527	0.236	0.285	0.37	0.655	16	5.9	17.5	69.5	9.4	7.2	11.3	-4.7	57.8	30.9	88.6	13.2	5.8	38.5	101.5	68.6	12	31.8	48.6	17.5	110.3
Jonathan Aranda	666018	TB	2025	27	370	422	0.316	0.393	0.489	0.882	14	9.7	25.4	70.5	13.7	7.3	10.2	3.7	56.1	35.6	93	14.5	12.8	54.5	106.9	68.1	20.9	28	35.5	24.1	111.4
Tommy Edman	669242	LAD	2025	30	346	377	0.225	0.274	0.382	0.656	13	5	16.2	70.2	12	6.9	9.9	-1.4	59.7	26.6	88.3	11.8	4.5	39.9	103.4	65.1	10.1	28.4	45.2	18.6	108.6
Juan Soto	665742	NYM	2025	26	577	715	0.263	0.396	0.525	0.921	43	17.8	19.2	73.6	40.9	7	10.9	3.8	65.9	28.1	93.8	12	18.1	55.3	108	55.7	16.4	15.9	42.9	16.1	115
Taylor Walls	670764	TB	2025	28	282	317	0.22	0.28	0.319	0.599	4	8.2	22.1	68.8	2.2	7	10.2	4	58.4	34.3	87	15.1	3.2	26.4	100	64.5	15.2	21.2	41	14.9	104.5
Mitch Garver	641598	FA	2025	34	254	290	0.209	0.297	0.343	0.64	9	10.3	27.6	71.8	15.8	7.3	15.8	-8	62.3	29.3	91.5	19.4	7.9	46.9	104.3	59.7	22.2	20.5	57.4	24.3	108.7
Brooks Baldwin	681460	CHW	2025	24	300	328	0.24	0.29	0.407	0.697	11	6.4	26.2	70.7	11.1	7.1	11.2	2.9	59.2	30	90.4	14.8	10.9	40.9	104.3	72.8	17.2	33.4	40.9	20.9	110.2
Yanquiel Fernandez	692585	COL	2025	22	138	147	0.225	0.265	0.348	0.613	4	5.4	29.9	74.5	45.2	8	10.6	-11.4	55.5	28.6	88.6	8	8.4	36.8	104.9	70.7	19.5	35.8	50.9	20	110.3
MJ Melendez	669004	FA	2025	26	60	65	0.083	0.154	0.167	0.321	1	4.6	35.4	72.8	25.5	7.7	11.2	-2.9	61.8	28.6	90.9	25	8.1	45.9	#N/A	64.5	30.8	32.8	59.1	37.8	108.5
Ryan Ritter	690022	COL	2025	24	187	207	0.241	0.296	0.337	0.633	1	4.8	29.5	69.1	6.7	6.7	10.4	1.1	41	35.2	85.2	7.4	1.5	30.5	100.6	72.3	25.6	33.4	59.5	16	108.4
Nick Castellanos	592206	PHI	2025	33	547	589	0.25	0.294	0.4	0.694	17	5.4	22.6	70.5	17	7.7	15.1	-4.5	47.2	40	87.8	15.2	7.6	34.5	104.1	80	18.1	40.9	49.4	18.3	110.2
Ryan Bliss	669208	SEA	2025	25	35	39	0.2	0.282	0.314	0.596	1	10.3	28.2	70.1	3.4	6.8	12.6	2.1	65.5	31.5	89	10.2	12.5	33.3	#N/A	74.6	39.6	21.3	29.4	4.2	104
Brian Navarreto	640459	MIA	2025	30	14	15	0.286	0.267	0.643	0.91	1	0	20	73	35	8.1	15.2	-15	60	29	96.1	12.1	25	66.7	#N/A	66.7	16.7	40	50	#N/A	105.8
Trevor Story	596115	BOS	2025	32	612	654	0.263	0.308	0.433	0.741	25	5	26.9	71.1	14.2	7.4	10.5	-4.5	46.2	29.4	91.4	14.2	9.8	47	106.4	72.3	17.9	35.3	54.3	15.3	111.7
Jacob Melton	689200	TB	2025	24	70	78	0.157	0.234	0.186	0.42	0	7.7	37.2	72.7	25.4	7.4	10.9	6.3	51.5	28.6	88.1	-5.7	4.9	43.9	105.9	61.8	29	28	51.1	9.8	111.3
Chase Meidroth	805367	CHW	2025	23	450	505	0.253	0.329	0.32	0.649	5	8.9	14.3	67.4	1.6	6.7	6.7	2.1	48.7	29.4	88.2	6.7	1.6	36.1	101.7	52.8	9	22.4	23.5	11.3	107.1
Tyler Black	672012	MIL	2025	24	8	13	0.25	0.538	0.375	0.913	0	38.5	7.7	69.4	11.1	7.1	8.7	7.6	50	38.8	83.1	1.7	0	28.6	#N/A	57.7	33.3	21.4	33.3	28.6	106
Travis d'Arnaud	518595	LAA	2025	36	213	231	0.197	0.255	0.343	0.598	6	5.6	32	70.1	8	7.7	14.9	-3.9	56.4	32.8	88.2	17.9	11.4	37.9	103.1	73.4	24.2	32.6	51.5	21.4	106.2
Dominic Smith	642086	FA	2025	30	204	225	0.284	0.333	0.417	0.75	5	6.7	18.7	67.7	4.1	6.9	12.5	-4	52.6	35.2	87.7	15.1	4.2	35.5	102.1	66.6	12.5	32.6	41.4	15.7	109.7
Vinny Capra	681962	BOS	2025	28	96	105	0.125	0.157	0.177	0.334	1	2.9	23.8	68.5	1.4	7.2	11.6	-5.7	52.8	33.7	85.9	11.2	2.6	32.9	100.7	58.3	14.6	26.1	55	13.2	103.9
Anthony Santander	623993	TOR	2025	30	194	221	0.175	0.271	0.294	0.565	6	11.3	27.6	72	21	7.2	7.9	-9.5	57.3	24.2	89.6	18.5	4.5	41	104.8	68.1	18.4	31.1	36.4	31.3	110.4
Austin Wynns	642851	ATH	2025	34	103	110	0.291	0.321	0.544	0.865	6	4.5	29.1	70.9	16.2	7.5	13.4	-7.6	46.5	34.4	88.6	13	9.6	46.6	105.2	67.2	20.5	28.7	51.9	23.3	107.9
Luis Rengifo	650859	FA	2025	28	501	541	0.238	0.287	0.335	0.622	9	6.1	19.2	69.5	7.3	7.1	7.2	3.7	48.9	33.6	87.1	6.7	5	32.7	102.3	71.5	14.5	30.5	40.4	14	109.2
Rafael Flores Jr.	804668	PIT	2025	24	15	17	0.2	0.294	0.333	0.627	0	11.8	41.2	73.4	36.1	7.9	21	-11.8	36.1	37.5	94.8	14	12.5	62.5	#N/A	75	41.7	40.5	58.8	#N/A	108.6
Max Kepler	596146	FA	2025	32	417	474	0.216	0.3	0.391	0.691	18	10.1	19.6	71.3	15.9	7.4	7.8	-7	44.5	31.8	90.8	16.3	11.6	44.7	104.4	70.1	13.1	26.6	50.6	20.4	111.8
Brent Rooker	667670	ATH	2025	30	626	699	0.262	0.335	0.479	0.814	30	9.3	22.2	73.5	35.7	7.1	12.3	-6.1	45.1	36.3	90.7	16.4	13.7	44.8	105.8	75.3	20.4	26.4	58.2	22	113.3
Seth Brown	664913	FA	2025	32	65	76	0.185	0.303	0.262	0.565	1	11.8	30.3	72.8	24	7.2	12.2	-11.6	51.9	31.2	87.2	18.7	9.5	40.5	101.3	69.7	18.2	29.5	63	28.6	111.9
Masyn Winn	691026	STL	2025	23	491	537	0.253	0.31	0.363	0.673	9	6.3	19	71.1	17.3	7.5	5.5	-3.9	43.7	29.1	88.3	16	4.8	34.6	103.9	62.3	14.2	25.9	34.3	21.1	110
Luis Guillorme	641645	FA	2025	30	20	21	0.15	0.19	0.15	0.34	0	4.8	38.1	67.1	2.9	7.6	9.7	6.4	44.1	34.9	88.1	5.2	0	25	#N/A	63	31	25.7	22.2	25	103
Andy Ibanez	628451	LAD	2025	32	176	193	0.239	0.301	0.352	0.653	4	6.2	13.5	69.2	2.7	7.2	6.5	-2.5	47.3	29.3	88.9	12.6	4.6	36.4	#N/A	73.7	11.9	29.6	34.6	24.5	108.9
Michael Busch	683737	CHC	2025	27	524	592	0.261	0.343	0.523	0.866	34	9.5	23.5	69.6	7	7	16.3	-1.1	50.4	36.8	92.2	17	17.1	47.3	105.4	68.5	16	23.1	54.5	22.2	111.9
Derek Hill	656537	CHW	2025	29	134	149	0.216	0.281	0.328	0.609	3	6	32.2	72.5	23.2	7.3	14.4	0.6	45.8	35	91.2	6.8	11.2	49.4	104.9	69.3	18.8	39.1	57.6	15.7	112.3
Nathan Church	701675	STL	2025	24	56	65	0.179	0.254	0.25	0.504	1	4.6	27.7	69	6.1	7.1	5.4	1.8	31.6	34.4	89	5.4	2.4	41.5	#N/A	75.9	21.6	36.2	39.2	7.3	107
Julio Rodriguez	677594	SEA	2025	24	652	710	0.267	0.324	0.474	0.798	32	6.2	21.4	76.4	63.9	7.7	6.9	-1.4	46.4	31.7	91.8	8.5	9.8	48	108.8	75.2	19.4	35.9	46.4	13.7	115.8
Ha-Seong Kim	673490	ATL	2025	29	171	191	0.234	0.304	0.345	0.649	5	8.4	20.4	70.5	9.5	7	5.6	-1.8	51.1	23.4	89.7	15.7	5.2	43.3	104.3	54.1	11.1	21.2	30.6	26.1	108.5
Jose Miranda	669304	SD	2025	27	36	36	0.167	0.167	0.25	0.417	1	0	36.1	70.7	14.3	7.6	10.5	-4.3	62.5	26	88.5	6.6	4.3	43.5	#N/A	66.2	11.1	39	56.5	26.1	109.7
Nick Allen	669397	HOU	2025	26	371	416	0.221	0.284	0.251	0.535	0	7.5	23.8	64.5	0.2	6.3	7.3	-0.7	48.3	30.3	84.8	13.3	0	21.6	99.1	67.8	15.1	25.8	41.5	11	104.4
Gavin Sheets	657757	SD	2025	29	492	545	0.252	0.317	0.429	0.746	19	8.1	19.6	74.8	51.9	7.7	8.4	-7.5	53.9	27.5	89.9	14	9.5	46.5	105.3	59.6	14.8	31.4	36.9	24.2	111.8
Bryan Ramos	682868	CHW	2025	23	12	12	0.167	0.167	0.333	0.5	0	0	33.3	68.8	20	8.2	7	-3.8	55	28	78.4	20.6	12.5	12.5	#N/A	75	20	36.8	71.4	12.5	102.5
Nick Martini	605361	FA	2025	35	102	111	0.225	0.288	0.294	0.582	1	8.1	16.2	69.7	3.5	6.7	6.9	-1.2	50.6	30.4	85.7	14.6	3.6	31	101.7	63.8	11.8	26.5	36.2	13.1	105.6
Zack Short	670097	NYY	2025	30	50	56	0.22	0.291	0.38	0.671	2	7.1	32.1	69.7	3.5	7	12.9	-2	65.1	33	86.2	20.9	3	39.4	#N/A	57	26.1	25.2	36.4	9.1	106.4
Warming Bernabel	682653	WSH	2025	23	139	146	0.252	0.288	0.41	0.698	4	4.8	17.1	69.2	5.1	7.6	4.3	-17.4	38.6	33.8	85.4	13.2	2.6	32.5	101.7	72.9	13.3	39.6	33.3	20.2	108.1
Andrew Benintendi	643217	CHW	2025	30	420	470	0.24	0.307	0.431	0.738	20	8.5	17.4	68.7	3.1	7.1	15.9	-5.1	54.7	32.5	88	20.1	11	36.9	103	72.5	19.8	29.1	35.5	26.5	108.5
Curtis Mead	678554	CHW	2025	24	240	264	0.233	0.299	0.321	0.62	3	5.7	23.9	73.3	37.2	7.2	4.8	-2.1	40.5	32.7	87.5	17.1	4.5	34.8	103.5	67.3	13	27.8	39.9	15.7	111
Josh Smith	669701	TEX	2025	27	495	563	0.251	0.335	0.366	0.701	10	9.8	17.8	69.1	3.7	6.7	8.6	-1.9	43.1	36.5	87.2	12.7	5	31.1	101.8	63.1	12.3	25.7	39.7	14.5	108.2
Jorge Barrosa	678489	ARI	2025	24	71	77	0.141	0.169	0.225	0.394	1	2.6	28.6	68.2	2.9	7.8	15.4	-6.6	58	27.9	87.8	7.7	0	30.8	100.1	62.1	15.2	34.6	49.1	23.1	108
Yordan Alvarez	670541	HOU	2025	28	165	199	0.273	0.367	0.43	0.797	6	14.1	16.6	76.1	63	7.7	10.2	-4.9	40.5	36.7	94.7	18.3	13.8	52.9	110.2	63.6	10.9	26.7	46.5	20.3	115.4
Manny Machado	592518	SD	2025	32	615	678	0.275	0.335	0.46	0.795	27	8.1	19.3	74.5	43	7.8	7.6	-0.3	54.6	26.5	92.9	14.3	12.9	51.5	107.7	70	18.6	29.9	43.7	17.6	114.8
Colt Keith	690993	DET	2025	23	414	468	0.256	0.333	0.413	0.746	13	10.3	21.8	70.7	10	6.8	11.8	-2.5	48.8	32.9	90	13.3	9.2	43.7	105.2	63.8	14.2	25.2	44.2	18	110
Nick Sogard	686765	BOS	2025	27	96	104	0.26	0.317	0.344	0.661	0	4.8	23.1	67.9	1.4	7.1	15.2	-4.7	47.6	32.7	86	11.6	5.6	34.7	99.8	59.6	14.9	24.9	32.7	20.8	107.7
Jose Siri	642350	FA	2025	29	32	36	0.063	0.167	0.125	0.292	0	11.1	47.2	72.1	23.6	7.5	11.6	-1	44.4	35.3	84.9	33.3	20	33.3	#N/A	68.5	40	34.8	45.2	6.7	104.9
Kyren Paris	677347	LAA	2025	23	126	140	0.19	0.266	0.381	0.647	6	7.1	42.1	73.2	35.1	7.5	16.2	-5.4	50.5	37.4	88.9	17.8	16.4	47.8	106.4	68.6	36	30.1	67.5	19.4	108.7
Zach Dezenzo	701305	HOU	2025	25	98	109	0.245	0.321	0.367	0.688	2	10.1	33.9	73.5	29.1	7.6	13.8	1	47.6	39.7	89.3	17.5	16.4	41	104.6	68	23.8	20.1	66.7	16.4	110.9
Joc Pederson	592626	TEX	2025	33	265	306	0.181	0.285	0.328	0.613	9	11.1	21.2	73.4	33.2	7.6	10	-5.8	56.4	28.3	91.2	16.9	9.5	44.8	107	63.5	16.8	26.9	43.1	22.4	113.7
Jose Fermin	665877	STL	2025	26	60	70	0.283	0.377	0.417	0.794	1	11.4	14.3	68	4.7	7.2	9	-4.4	54.7	33.6	87.1	16	0	29.4	#N/A	57.6	7.9	20.9	34.5	23.5	105.5
Daz Cameron	663662	MIL	2025	28	41	42	0.195	0.214	0.293	0.507	1	2.4	31	75.4	49.3	7	5.1	-7.4	37.3	32.8	91.9	20.4	7.1	32.1	#N/A	71.3	17.9	29.2	47.4	21.4	109.5
Nacho Alvarez Jr.	805373	ATL	2025	22	188	208	0.234	0.296	0.33	0.626	2	5.8	23.6	67.7	3.8	7.5	6.2	0	42.3	30.4	84.9	17.8	1.4	26.8	100.2	58.4	18	25.2	33.3	19	108.2
Roman Anthony	701350	BOS	2025	21	257	303	0.292	0.396	0.463	0.859	8	13.2	27.7	75.1	52.5	7.4	10.6	-1.3	52.8	30.1	94.5	6.9	15.5	60.3	107.4	55.9	19.3	20	57.6	13.8	113.7
Kris Bryant	592178	COL	2025	33	39	41	0.154	0.195	0.205	0.4	0	4.9	31.7	71.2	14.1	7.8	15	-3	54.9	35.1	90.8	13	7.7	34.6	#N/A	74.1	23.8	25.6	71.4	23.1	102.9
Mark Canha	592192	FA	2025	36	113	125	0.212	0.272	0.265	0.537	1	5.6	19.2	68.7	6.9	7.4	11.4	-1	53.9	32.4	86.6	19.9	2.2	33	100.9	61.3	15.8	28.3	43.3	17.6	105.5
Nick Maton	665155	FA	2025	28	54	63	0.167	0.286	0.315	0.601	2	14.3	30.2	71.4	10.7	6.8	19.6	-9.2	41.7	35.9	89	28.4	5.7	37.1	#N/A	67.5	30.9	26.9	62.9	22.9	109.3
Amed Rosario	642708	NYY	2025	29	181	191	0.276	0.309	0.436	0.745	6	3.7	16.2	73.2	29.9	7.3	6.4	-4.5	50.6	30.1	91.2	9.9	6	45	106.1	73.4	13.3	36.7	41.6	17.9	110.9
Mickey Moniak	666160	COL	2025	27	434	461	0.27	0.306	0.518	0.824	24	4.8	23.9	73.8	37.4	7.7	11.6	-4.3	46.9	33.6	89.7	17.4	13.8	45.3	106.1	74.8	18.1	38	48.3	24.8	111.8
Spencer Steer	668715	CIN	2025	27	509	568	0.238	0.312	0.411	0.723	21	9	22.7	70.9	7.1	7.4	12.4	-4.1	58	28.3	87.3	18.8	7.6	33.2	102	67.5	18.4	24.8	46.6	25.8	108.3
Joey Ortiz	687401	MIL	2025	26	470	506	0.23	0.276	0.317	0.593	7	5.3	14.6	72.4	24.4	7.5	1.7	-1.8	33.3	27.8	84.9	13.3	3	32.8	103.7	57.8	9.4	33.3	29.9	12.4	109.8
David Hamilton	666152	BOS	2025	27	177	194	0.198	0.257	0.333	0.59	6	6.7	24.2	70.5	10.4	7.3	6.9	-4.7	45	30	86.6	14.3	6	27.8	102.9	61	14.6	25.9	44	17.3	108.1
Brendan Donovan	680977	STL	2025	28	460	515	0.287	0.353	0.422	0.775	10	8.2	13	69.3	4.8	6.8	7.9	1.8	49.2	30.4	89.7	12.2	8.8	40.9	103.6	61.3	8.7	25	26	15.8	109.6
Marcell Ozuna	542303	FA	2025	34	487	592	0.232	0.355	0.4	0.755	21	15.9	24.3	72.9	31.6	7.2	13.9	-0.9	53	36.8	89.9	14.1	11.4	44.6	106.3	57.9	18.9	22.3	42.3	19.7	112.1
Jurickson Profar	595777	ATL	2025	32	318	371	0.245	0.353	0.434	0.787	14	12.9	15.9	70.9	18	7.5	10.8	-7.6	56.4	30.9	89	20	7.3	40.3	104	65.7	10.8	24.2	33.2	23.6	109.1
Everson Pereira	677592	CHW	2025	24	65	73	0.138	0.219	0.246	0.465	2	9.6	38.4	74.2	33.6	8.1	15.9	1.8	59	30.7	90.5	13.2	7.9	44.7	#N/A	73.1	34	23.5	78.9	23.7	110.8
Kevin Alcantara	682634	CHC	2025	22	11	12	0.364	0.417	0.364	0.781	0	8.3	33.3	73.2	26.3	8	8.1	-3.7	52.6	32.9	92.8	9.3	0	42.9	#N/A	59.1	30.8	33.3	62.5	28.6	107.3
Lane Thomas	657041	KC	2025	29	125	142	0.16	0.246	0.272	0.518	4	9.9	31	72.7	22.1	6.9	9	-3.9	66.2	27.6	87.8	23.5	4.8	31.3	103.5	64.3	25.8	22.3	50.8	19.3	110.6
Buddy Kennedy	671083	SF	2025	26	29	32	0.069	0.156	0.103	0.259	0	6.3	25	69.9	2.1	6.7	6.9	-11.5	37.5	35.3	87.9	18.9	4.8	42.9	#N/A	63.4	22.2	23.2	30.8	33.3	107.6
Vladimir Guerrero Jr.	665489	TOR	2025	26	589	680	0.292	0.381	0.467	0.848	23	11.9	13.8	76.7	67.7	7.6	1.2	-4.4	30.6	27.4	92	7.8	12.2	50.7	110.3	62.3	15.9	21.4	38.3	14	120.4
Nick Loftin	679845	KC	2025	26	168	188	0.208	0.278	0.357	0.635	4	7.4	14.4	69.4	6.6	7.1	8.4	-7.7	53.1	29.8	88.2	14	6.3	34	102.4	65.8	13.9	25	34.2	22.2	105.3
Santiago Espinal	669289	CIN	2025	30	301	328	0.243	0.292	0.282	0.574	0	6.4	11.6	68.5	2	7.4	6.7	-1.8	51.1	34.6	86.5	15.1	0.7	25.7	99.4	64.7	8.8	23.9	29.7	16.4	107.4
Tommy Pham	502054	FA	2025	37	392	449	0.245	0.33	0.37	0.7	10	11.1	20.9	73.4	32.8	7	8.2	-0.9	51.9	27.4	91.6	6.9	6.6	47.2	107.3	60.7	15.2	19.9	53	10.6	112.3
Enmanuel Valdez	665839	PIT	2025	26	91	102	0.209	0.294	0.363	0.657	2	10.8	15.7	70.4	7	7.4	8.5	-4.9	58.7	27.4	89.8	15.7	8	42.7	104.6	57.9	13.6	26.6	42.6	22.7	108.5
Tyler Soderstrom	691016	ATH	2025	23	561	624	0.276	0.346	0.474	0.82	25	8.8	22.6	74	38.1	7.5	9.6	1.2	50.3	30.5	91.6	7.9	11.4	49.8	107.2	68.3	16.2	28.7	47.9	12.1	114
Brett Harris	695391	ATH	2025	27	73	84	0.274	0.349	0.342	0.691	0	8.3	25	71	17.1	7.4	7.9	-5.9	53.5	28.2	83.3	9.5	3.7	27.8	104.3	64.7	17.9	22.7	45.9	20.4	106.8
Kyle Teel	691019	CHW	2025	23	253	297	0.273	0.375	0.411	0.786	8	12.5	25.9	69.5	10.2	6.7	11.2	4.7	39.4	38.8	88.3	14.4	9.6	37.6	103.7	65.7	22.4	23.6	47.6	20.8	113.7
Luke Raley	670042	SEA	2025	30	183	219	0.202	0.319	0.311	0.63	4	8.7	29.2	73.8	38.3	7.1	14.4	-1.7	54.1	31.5	89.5	9.8	10.6	42.3	106.6	80.8	31.8	27	67.9	13.8	114.3
Austin Slater	596103	FA	2025	32	148	160	0.216	0.27	0.372	0.642	5	6.9	31.9	69.6	7	6.8	10.1	5.5	53.5	37.4	92	7.7	14.3	48	106.1	70	18.5	28.3	50	12.2	110.9
Jeremy Pena	665161	HOU	2025	27	493	543	0.304	0.363	0.477	0.84	17	6.4	17.1	72.3	15.7	7.6	10.9	-8.2	62.8	30.4	88.9	8.9	8.2	42.9	104.8	68.3	12.8	35.5	51.8	21.1	109.9
Jose Ramirez	608070	CLE	2025	32	593	673	0.283	0.36	0.503	0.863	30	9.8	11	70.9	16.2	7.2	8.9	-9.4	60.7	29.8	88.9	19.2	7	37	104.2	66	9	28.9	27.5	30.9	111.6
Jonah Bride	681146	TEX	2025	29	112	125	0.17	0.248	0.188	0.436	0	8.8	31.2	68.2	4	7.3	16.3	-1.7	51.7	30.9	87.3	11.4	2.7	28.4	100.4	44.9	16.8	20.5	44.4	16.2	104.5
Kevin Newman	621028	KC	2025	31	114	116	0.202	0.209	0.272	0.481	2	0.9	19.8	68.1	2.6	6.6	6.7	-2.4	45.8	31.7	86.6	9.2	2.2	29.3	100	70	10.9	32.1	32.3	15.2	105.5
Ryan Noda	676116	BAL	2025	29	47	59	0.106	0.276	0.17	0.446	1	18.6	42.4	72.4	24.7	7.4	18.2	-1.4	41.6	36	89.4	26.7	8.7	34.8	#N/A	59.1	34.6	19.5	75	26.1	108.7
James Wood	695578	WSH	2025	22	598	689	0.256	0.35	0.475	0.825	31	12.3	32.1	76	62.7	7.7	11.1	1.9	41.9	39.7	94.3	6.3	16.3	56.3	111.9	55.8	23.1	24.2	56.1	11.3	118
Gustavo Campero	672569	LAA	2025	27	58	66	0.172	0.273	0.345	0.618	3	7.6	21.2	69.1	8.9	6.9	12.6	-2.7	45.5	31.5	85.3	14.2	6.8	22.7	#N/A	69.4	19.4	29.3	46.3	13.6	108.9
Lawrence Butler	671732	ATH	2025	24	569	630	0.234	0.306	0.404	0.71	21	9.4	28.4	73.8	39.2	7.1	6.8	1.7	44	30.5	90.5	9.2	9.2	44.4	106.8	67.9	23.7	26.1	56.8	11.2	113.6
Myles Straw	664702	TOR	2025	30	267	299	0.262	0.313	0.367	0.68	4	6.4	16.7	67.1	2.3	6.8	6.6	3.4	44.9	35.8	87.2	14.8	3.9	27.1	100.1	62.4	13	27.5	29.9	15.3	106.3
Eric Wagaman	676572	MIN	2025	27	476	514	0.25	0.296	0.378	0.674	9	6.2	19.5	73.4	36.6	7.1	6.9	-2.7	49.4	27.9	91	10.6	6.8	46.5	107.1	64.5	15	25.8	47.4	17.6	114.5
Carson Kelly	608348	CHC	2025	30	369	421	0.249	0.333	0.428	0.761	17	10.7	19	70.4	6.3	7	11.7	-4	52.9	33.1	88.8	16.4	9.6	40.3	103.6	67.4	14.1	21.9	40.9	23.9	110.1
Gabriel Arias	672356	CLE	2025	25	432	471	0.22	0.274	0.363	0.637	11	5.7	34.4	75.1	52.7	7.6	9.7	1.2	53.7	29.1	90.2	6.1	11.3	43.3	107.8	77	31.7	38.8	56.9	13.8	112.8
Mauricio Dubon	643289	ATL	2025	30	369	398	0.241	0.289	0.355	0.644	7	6	10.6	68.2	2.7	7.4	5.5	1.1	45.9	29.8	84.5	13.1	1.2	26.3	#N/A	72.5	9.7	35.2	28.8	18.1	110.8
Josh Rojas	668942	KC	2025	31	189	211	0.18	0.252	0.259	0.511	2	9	22.7	67.8	2.5	7.2	9.9	1.2	56.1	32.1	89.6	13.4	3.5	36.8	102	70.2	17	19.6	47.3	14.6	107.8
Tirso Ornelas	672359	SD	2025	25	14	16	0.071	0.188	0.071	0.259	0	12.5	12.5	72.9	34.8	7.6	1.2	3.4	30.4	26.1	90.5	17.7	8.3	41.7	#N/A	62.5	5	26.7	37.5	8.3	107.4
Willson Contreras	575929	BOS	2025	33	490	563	0.257	0.344	0.447	0.791	20	7.8	25.2	76	62.1	8	9.4	-1.8	47.3	32.8	90.6	12.3	13.9	49	108.2	66.3	19.5	30.1	50.3	19.8	114.7
Eugenio Suarez	553993	FA	2025	33	588	657	0.228	0.298	0.526	0.824	49	7	29.8	72.3	26.5	7.8	18.5	-5.5	44.4	38.7	90.2	21.9	14.3	47.6	106.6	69.4	21.2	31	60.8	28.6	113.8
Jorbit Vivas	678391	NYY	2025	24	56	66	0.161	0.266	0.25	0.516	1	7.6	19.7	70.3	5.5	7.7	5.2	-1.8	49.1	29.4	85.9	17.4	4.7	37.2	#N/A	75.6	21.6	18	45	20.9	106.9
DJ LeMahieu	518934	FA	2025	36	128	142	0.266	0.338	0.336	0.674	2	9.9	24.6	67.6	3.7	7.2	5.7	12.6	48.4	28.3	91.7	4.1	4.3	51.6	105.2	59.4	14.6	24	41.3	2.2	107.9
Dylan Moore	664238	FA	2025	32	219	243	0.201	0.267	0.374	0.641	11	8.2	33.7	71.8	15	7.2	7.7	-2.5	53.7	31.1	84.8	21.3	8.6	34.3	102.9	69.7	29.1	24.7	47	25	108.6
Ryan Jeffers	680777	MIN	2025	28	406	464	0.266	0.356	0.397	0.753	9	10.8	19.6	72.3	28.1	7.3	9.9	-3.3	54.9	28.6	89.3	15	6.3	42.1	105.7	54	14.3	24.3	35.6	18	111
Colson Montgomery	695657	CHW	2025	23	255	284	0.239	0.311	0.529	0.84	21	8.8	29.2	77	71.7	7.8	11.5	-8.6	52.3	32.8	89.4	18	14.5	44.5	108.4	70.2	19.9	30.5	59.3	27.2	114.5
Mickey Gasper	681508	MIN	2025	29	95	110	0.158	0.257	0.232	0.489	2	9.1	18.2	70.6	7.8	6.5	9.3	-4.9	57.1	26.9	87.8	19.4	1.3	31.2	102.1	57.8	12.8	20.4	35.6	13	108.5
Gunnar Henderson	683002	BAL	2025	24	577	651	0.274	0.349	0.438	0.787	17	9.5	21	75.3	53.4	7.3	8.5	1	51	29	92.1	9.5	8.5	49.2	106.8	67.5	16.5	27.7	46	15.3	113.9
Bo Bichette	666182	NYM	2025	27	582	628	0.311	0.357	0.483	0.84	18	6.4	14.5	69.1	9.4	7.3	4.5	1.3	33.9	37.5	91	8.2	7.9	48.8	105.5	72.1	10.8	35.2	33.3	13.2	112.3
Will Smith	669257	LAD	2025	30	362	436	0.296	0.404	0.497	0.901	17	14.7	20.4	69.8	6.2	7.3	11.8	0.8	62.5	34	91.3	18.4	12.2	47.1	105.5	56.8	15.4	19.5	43.4	17.6	110.1
Michael Siani	672279	LAD	2025	25	17	19	0.235	0.316	0.235	0.551	0	10.5	36.8	69	10.7	7.1	8.8	4.6	39.3	30	79.8	18	0	20	#N/A	54.3	26.3	41.2	35.7	20	105.8
Jahmai Jones	663330	DET	2025	27	129	150	0.287	0.387	0.55	0.937	7	12	21.3	73.6	37.6	7.6	13	-5.8	59.5	29.8	91.5	20	13.4	53.6	107.1	69.6	19.1	21.5	47.7	24.7	110.8
Dylan Crews	686611	WSH	2025	23	293	322	0.208	0.28	0.352	0.632	10	7.5	23.6	73.3	34.2	7.2	6.6	-1.3	48.2	26.5	89.7	8.5	9.7	38.7	106.6	66.2	17.9	29.5	60.5	11.5	111.1
Kyle Karros	691720	COL	2025	22	137	156	0.226	0.308	0.277	0.585	1	9.6	26.3	69.1	2.5	7.1	7.4	-7.2	46.1	37.8	87.9	12.3	1	33.7	102.6	66.1	19	23.7	50.7	16.3	107.5
Henry Davis	680779	PIT	2025	25	252	283	0.167	0.234	0.278	0.512	7	6.4	26.9	73.9	39.3	7.3	8.6	-7.5	55.1	26.3	88.6	23.3	11.5	37.4	105.6	75.8	19.9	34.5	49.2	24.6	111.6
Carson McCusker	676812	FA	2025	27	29	30	0.172	0.2	0.172	0.372	0	3.3	53.3	75.4	55.6	7.8	16.4	-4.3	38.9	39.1	78	11.5	7.7	30.8	#N/A	60.7	38.2	34.7	69.2	23.1	108
Endy Rodriguez	682848	PIT	2025	25	52	57	0.173	0.246	0.25	0.496	0	8.8	24.6	71.5	14.5	7.3	7	-4	47	33.4	92.2	15.1	2.6	44.7	#N/A	65.3	16.9	19.5	58.8	26.3	106.2
Drake Baldwin	686948	ATL	2025	24	405	446	0.274	0.341	0.469	0.81	19	8.5	15.2	75.3	56.4	7.2	9.4	3.2	48.1	31.7	91.7	6.5	11	49.6	106.2	70	14.1	28.8	32.8	15.1	112.5
Yandy Diaz	650490	TB	2025	33	583	651	0.3	0.366	0.482	0.848	25	8.8	14.1	73.6	35.3	7.6	2.9	7	35.3	24.4	93	5	8.3	52.5	#N/A	63.7	13.1	23.9	31	5.8	113.6
Ryan Vilade	668723	TB	2025	26	13	15	0.077	0.2	0.077	0.277	0	13.3	33.3	74.4	44.8	7.1	-0.8	5.2	3.4	33.7	96.6	-1.4	12.5	75	#N/A	76.5	15.4	26.9	42.9	#N/A	109.8
DaShawn Keirsey Jr.	680577	ATL	2025	28	84	88	0.107	0.138	0.179	0.317	2	2.3	37.5	69	6.5	6.7	3.9	6.7	34.2	31.2	87.5	9.9	5.8	34.6	101.8	71.4	19.3	28.9	43.5	7.7	109
Ceddanne Rafaela	678882	BOS	2025	24	546	587	0.249	0.295	0.414	0.709	16	4.8	19.9	71	12.4	7.5	11.6	-1.5	57.2	32.6	88.3	12.8	9.2	38.7	104.4	75.3	17.9	42.2	42.9	16.1	112.1
Jordan Walker	691023	STL	2025	23	363	396	0.215	0.278	0.306	0.584	6	7.3	31.8	78.1	77.8	8.3	6.2	-5.3	47.7	31.4	92.3	10.3	10.9	50	109.8	66.9	21.6	34.1	59.6	11.3	117.9
Dominic Canzone	686527	SEA	2025	27	243	269	0.3	0.358	0.481	0.839	11	7.4	21.9	73.1	36.7	7.3	12.1	-2.5	54.9	32.1	92.3	10.5	14.4	49.7	107.9	68.2	17.3	36.8	41.5	18.2	115.9
Nolan Schanuel	694384	LAA	2025	23	488	564	0.264	0.353	0.389	0.742	12	10.5	12.6	67.5	6.1	6.7	8.6	-1	46.2	38.5	87.5	13.2	4.5	29	100.8	65.4	9	24	32.1	18.4	109.8
Bryan De La Cruz	650559	PHI	2025	28	47	50	0.191	0.24	0.213	0.453	0	6	36	71.8	18.2	7.7	12.6	4.8	54.5	41.3	91.5	15.6	6.9	51.7	#N/A	69.9	22.2	32.9	68	13.8	106.5
Drew Waters	671221	KC	2025	26	206	219	0.243	0.288	0.316	0.604	1	5	27.4	71.6	17.8	6.6	8.7	4.8	48.2	41.8	86	9.1	4.1	28.8	101.9	77.2	21.1	33.6	53.5	14.4	110.2
Hayden Senger	663584	NYM	2025	28	72	78	0.181	0.221	0.194	0.415	0	3.8	28.2	72.9	26.3	7.6	8.8	-1.1	53.4	29	88.6	9.7	3.8	38.5	102.5	68.4	19.4	39	60.9	17.3	108.2
Kyle Farmer	571657	FA	2025	34	277	300	0.227	0.28	0.365	0.645	8	5.7	22	66.6	1.3	6.8	12.7	-0.8	48.5	33.5	87	15.3	6.1	35.2	101.5	63.7	13.2	29.9	43.2	14.6	105.8
Brice Matthews	694728	HOU	2025	23	42	47	0.167	0.222	0.452	0.674	4	4.3	42.6	73.2	30.4	7.3	15	2.3	49.4	33.6	88.6	14.4	25	41.7	#N/A	67	44.3	31.8	64.3	25	108.7
Colton Cowser	681297	BAL	2025	25	327	360	0.196	0.269	0.385	0.654	16	7.5	35.6	73.6	33.3	7.3	16.1	-3.4	45.3	39.1	90.9	13.8	14.1	46	106	60.4	23.6	23.8	63.8	14.6	113.7
Leo Jimenez	677870	TOR	2025	24	29	32	0.069	0.129	0.172	0.301	1	6.3	25	70.6	5.8	7.2	5.5	2.2	46.2	30.5	92	8.4	9.1	50	#N/A	62.9	11.4	23.3	47.1	9.1	108.4
Luis Campusano	669134	SD	2025	26	21	27	0	0.222	0	0.222	0	22.2	40.7	73.1	31.6	8.3	11.6	-9	78.9	24.3	87.8	-16	0	30	#N/A	51.7	23.3	20.6	71.4	10	101.4
Heston Kjerstad	677008	BAL	2025	26	156	167	0.192	0.24	0.327	0.567	4	3.6	26.9	69.4	6.2	7	12.7	2.2	47.6	38	88.8	12.7	8	41.1	104.3	76.1	17	38.3	49.6	15.2	106.8
Riley Greene	682985	DET	2025	24	600	655	0.258	0.313	0.493	0.806	36	7	30.7	75.6	57.2	7.3	13.9	1.2	43.6	44.6	89.9	15	17.1	45.5	107.8	73.6	23.8	31.2	48	18.6	115.1
Rowdy Tellez	642133	FA	2025	30	289	312	0.228	0.276	0.443	0.719	17	5.4	26.6	74.8	48.5	8	8	-7.7	54.7	29.8	91.2	14.8	15.3	46.4	107.3	59.3	17.7	30.3	48.7	17.7	113.1
Eric Haase	606992	SF	2025	32	70	77	0.229	0.289	0.357	0.646	2	5.2	40.3	71.3	12.9	7.1	11.7	0.6	53.6	33.2	83	5.4	10	22.5	104.3	62.2	31.8	30.9	47.1	15	108.8
Jose Tena	677588	WSH	2025	24	152	169	0.243	0.314	0.355	0.669	0	8.9	21.9	70.8	15.5	6.8	3.6	2.4	35.6	35.1	89.2	1.2	5.2	40.5	103.4	63.3	15	27.9	36.7	6.9	108.5
David Villar	681584	FA	2025	28	20	25	0.2	0.36	0.25	0.61	0	16	20	69.2	11.8	7.9	14	5.5	73.5	35.4	81.6	-0.1	6.7	26.7	#N/A	65.3	31.3	13	50	6.7	108.5
Jared Young	676724	NYM	2025	29	43	47	0.186	0.234	0.488	0.722	4	4.3	34	74	35	7.3	9.8	-3	63.7	28.7	84.6	23	14.3	39.3	#N/A	68.4	22.4	28.7	59.3	14.3	107.1
Leody Taveras	665750	BAL	2025	26	171	180	0.205	0.226	0.304	0.53	3	2.8	27.8	71.2	17	7.4	6.3	-4.1	39.9	31.2	88.5	21.2	6.4	35.2	103.3	67.3	17.1	34.4	43.6	16.8	111.2
Vidal Brujan	660644	MIN	2025	27	87	95	0.253	0.305	0.31	0.615	0	6.3	22.1	68.5	3.9	6.9	7.9	1.1	53.5	32.3	88.2	7.5	0	37.3	#N/A	76.1	14.3	27.3	52.3	14.9	110.3
Harrison Bader	664056	FA	2025	31	448	501	0.277	0.347	0.449	0.796	17	7.8	27.1	73.5	37.1	7.2	12	-5.4	50.1	25.4	87.2	12.7	10.2	40.3	106.4	65.1	21	32.5	43.2	23.8	112.3
Parker Meadows	678009	DET	2025	25	191	213	0.215	0.291	0.33	0.621	4	9.9	26.3	69.9	6.1	7.3	7.7	-3.6	47.1	30.2	86.9	12.5	5.1	30.9	104.5	64.9	16.7	23.8	62.4	19.9	109.2
Mookie Betts	605141	LAD	2025	32	589	663	0.258	0.326	0.406	0.732	20	9.2	10.3	69	8	7	9.2	-5.5	55.7	34.6	89.1	18	5.5	35.8	101.6	59.9	7.6	21.6	37.7	23.9	108.4
Leo Rivas	660844	SEA	2025	27	90	111	0.244	0.387	0.333	0.72	2	18	21.6	66.6	2.7	7.1	15.4	-2.8	56.7	38	86.3	13.1	3	19.7	97.9	55.4	19	8.1	52.6	13.6	104.2
Michael Helman	680737	TEX	2025	29	99	110	0.232	0.29	0.455	0.745	5	6.4	19.1	70.1	2.1	7.7	12	-9.2	74.7	28	82.7	19.6	8.6	24.7	101.7	72.2	18.7	33.1	39.7	38.3	106.6
Cody Bellinger	641355	FA	2025	29	588	656	0.272	0.334	0.48	0.814	29	8.7	13.7	70.1	6.5	7.8	12.9	-3.2	59.3	32.4	88.3	18.5	7.5	37.9	102.7	67	12.5	30	30.5	24.7	110.2
Fernando Tatis Jr.	665487	SD	2025	26	594	691	0.268	0.368	0.446	0.814	25	12.9	18.7	74	42.7	7.3	8.3	0.8	56.4	29.8	93.3	9.4	10.9	51.8	108.6	70.3	17.7	24.4	50.7	12	113.4
Jace Jung	690291	DET	2025	24	47	55	0.106	0.236	0.106	0.342	0	12.7	29.1	73.3	38	7.4	8.9	1.8	45.7	31.7	88.3	13.3	3.2	38.7	#N/A	66.1	19.2	26.9	35.7	12.9	107.3
Christian Walker	572233	HOU	2025	34	585	640	0.238	0.297	0.421	0.718	27	6.3	27.7	74.1	41.9	7.5	9.1	-4.6	51.3	29.4	90.9	16.9	12.9	46.1	107.5	75.8	21.3	28.1	56.2	20.1	113.2
Justin Turner	457759	FA	2025	40	169	191	0.219	0.288	0.314	0.602	3	8.9	19.4	66.3	1.8	6.4	9	1.8	50.8	34.4	88.3	17.9	3.7	30.9	100.9	66.3	11.3	27.6	32.7	16.2	108
Thairo Estrada	642731	FA	2025	29	154	165	0.253	0.285	0.37	0.655	3	3.6	15.8	71.8	18.8	7.3	11.7	-4.8	55.9	30.4	86.3	7	3.1	30.5	102.3	73	11.7	35.2	45.5	17.6	110.8
Seiya Suzuki	673548	CHC	2025	30	571	651	0.245	0.326	0.478	0.804	32	10.9	25.2	73.4	37.1	7.2	8.1	-3.1	50.4	31.1	91.3	17.9	16.6	48.7	107	59.1	15.7	20.5	49.8	24.3	116.2
Jesus Sanchez	660821	HOU	2025	27	451	497	0.237	0.304	0.395	0.699	14	8.5	22.1	75.9	58.8	6.9	7.1	-1.8	48.2	27.8	91.3	9.3	11.1	43.4	#N/A	69.4	17.8	30.6	42.9	16.9	114.8
Pablo Reyes	622569	SD	2025	31	31	34	0.194	0.242	0.226	0.468	0	5.9	29.4	69.3	5.8	7	5.9	4.6	55.8	26.7	87.8	16.5	4.5	31.8	#N/A	63.5	21.3	17.5	40	#N/A	100.4
Bob Seymour	676044	FA	2025	26	78	83	0.205	0.253	0.282	0.535	1	4.8	38.6	74.4	45.5	7.5	13.1	-0.8	56.3	35.5	89.5	11.9	0	47.8	104.9	74.4	18.2	41.4	64.2	17.4	115
Rece Hinds	677956	CIN	2025	24	43	44	0.116	0.136	0.279	0.415	2	2.3	47.7	75.7	59.8	8	13.4	-16.3	36.6	37.3	92.5	4	18.2	50	#N/A	73.3	41.8	39.6	68.4	13.6	111.3
Donovan Solano	456781	FA	2025	37	166	179	0.247	0.291	0.337	0.628	3	4.5	22.3	65.9	1.3	6.9	8.8	-1.8	37.6	33.9	87.4	12.7	3.9	37.5	101.7	66	16.6	36.3	45.5	14.8	106.6
Jorge Alfaro	595751	KC	2025	32	39	39	0.256	0.256	0.308	0.564	0	0	35.9	75.9	61.4	7	3.7	6.9	36.4	35.5	86.8	12.4	8	44	#N/A	83.8	24.2	53.2	54.5	8	113.3
Rafael Marchan	665561	PHI	2025	26	105	118	0.21	0.282	0.305	0.587	2	8.5	14.4	65.9	0	7.5	11.3	-1.6	50	32.4	85.6	11.1	2.2	22.2	100.8	65	16.4	24	40.7	14.4	108.1
Will Robertson	683770	BAL	2025	27	70	75	0.129	0.173	0.143	0.316	0	2.7	36	74.3	48	8	10.1	-5.5	57.6	28.7	85	25.2	9.1	31.8	101.2	68.5	24.7	39.7	53.7	29.5	109.4
Connor Joe	656582	FA	2025	32	70	80	0.186	0.263	0.243	0.506	0	8.8	25	72.3	23.3	7.3	6.8	-6.8	45	30.6	89.3	13.8	5.8	36.5	102.9	57.3	17	19.5	34.5	17.3	113.3
LaMonte Wade Jr.	664774	FA	2025	31	209	242	0.167	0.271	0.254	0.525	2	11.2	24	70	7.8	6.7	9.1	0.3	53.4	31.8	89.7	21.9	4.5	31.8	102.5	62.5	13.8	17	59.5	21.4	108.5
Jacob Hurtubise	674441	FA	2025	27	12	15	0.083	0.267	0.083	0.35	0	6.7	40	66.4	0	7	5.1	1	52.2	36.7	89.3	5	0	16.7	#N/A	63.6	14.3	20.7	66.7	16.7	97.8
Max Muncy	571970	LAD	2025	34	313	388	0.243	0.376	0.47	0.846	19	16.5	21.4	71.2	14.5	7	17.9	-4.8	49	34.7	91.3	19.6	13.6	51.5	106.2	65.4	17.1	20	43.7	31.5	110.5
Trey Sweeney	700242	DET	2025	25	296	326	0.196	0.258	0.291	0.549	6	8	28.2	73.6	29.1	7.5	8.2	-3.2	56.2	26.6	87.9	11.9	6.7	35.1	103.6	70	20.3	28.9	49.7	19.2	110.8
Yoan Moncada	660162	FA	2025	30	248	289	0.234	0.336	0.448	0.784	12	11.1	26	73.4	38.3	7.4	12.2	-5.4	42.5	38.3	89.8	15.1	14.3	43.4	106.3	65.8	20.4	24.4	60.4	26.3	112.8
Esteury Ruiz	665923	MIA	2025	26	21	23	0.19	0.261	0.333	0.594	1	8.7	34.8	70.4	12.5	7.6	13.4	-3	35	36.8	81.5	9	7.7	23.1	#N/A	73.2	46.7	36.2	52.9	#N/A	106.7
Spencer Torkelson	679529	DET	2025	25	563	649	0.24	0.333	0.456	0.789	31	11.1	26	73	26.4	7.8	13.5	-8	50	38	90.2	23.1	13.5	45.1	104.5	65.9	17.6	22.4	55.4	31.8	110.5
Matt Mervis	670223	WSH	2025	27	120	134	0.175	0.254	0.383	0.637	7	8.2	37.3	73.6	36.6	8.3	18.9	-11.5	49.6	33.8	88.3	22.3	8.5	38	104.2	74.2	31.8	35.3	56.8	28.2	108.2
Willie MacIver	680862	TEX	2025	28	102	111	0.186	0.252	0.324	0.576	3	6.3	24.3	70.6	4.8	7.4	8.9	4.1	54.8	31.4	88.8	10.2	4	37.3	102.7	76.2	21.3	30.6	43.9	6.7	108.7
Tomas Nido	621512	DET	2025	31	35	37	0.343	0.361	0.343	0.704	0	0	27	69	1.6	7.7	12.3	7	61.3	31.4	86.4	10.4	0	34.6	#N/A	81.4	16.7	36.7	45.5	19.2	105.3
Mike Tauchman	643565	FA	2025	34	335	385	0.263	0.356	0.4	0.756	9	11.7	22.3	69.1	6	7.2	8.5	1.1	48.1	34.2	89	16.5	6.8	38.8	103.5	67.1	18.5	23.8	42.7	19.6	111.1
Mike Yastrzemski	573262	ATL	2025	34	477	558	0.233	0.333	0.403	0.736	17	12.9	19.4	71.2	9.7	7.5	11	-2.9	66.7	30.5	90.8	20.4	8.5	42.6	103.7	61.2	14.1	22	32.8	25.3	109.3
Shohei Ohtani	660271	LAD	2025	30	611	727	0.282	0.392	0.622	1.014	55	15	25.7	75.8	61.9	7.9	15	-2	53.3	36.9	94.9	15	23.5	58.7	110.1	66.1	24.8	26	53.1	20.1	120
Samuel Basallo	694212	BAL	2025	20	109	118	0.165	0.229	0.33	0.559	4	5.1	25.4	75.5	55.6	7.4	9.7	-1.6	58.4	30	89.1	13.8	8.9	43	107.6	73.9	21.1	38.7	44.8	16.5	112.1
Will Benson	666181	CIN	2025	27	230	253	0.226	0.273	0.435	0.708	12	6.3	26.5	71.8	18.6	7.5	14.2	-4.8	53.1	33.5	92.4	16.1	15.4	53.8	107.1	74.5	26.7	27.6	59	18.3	111.4
Heriberto Hernandez	681715	MIA	2025	25	256	294	0.266	0.347	0.438	0.785	10	10.5	26.2	73.4	37.4	7.7	15.6	-0.9	55.8	30	90.2	14.2	10.9	45.4	#N/A	68.5	29	21.5	55.4	22.4	112.8
Geraldo Perdomo	672695	ARI	2025	25	597	720	0.29	0.389	0.462	0.851	20	13.1	11.5	68.3	4.6	6.9	7.4	-1.8	49.9	35.4	87.6	15.5	6.2	31.9	101.7	57	7.9	19.2	26.2	19.9	108.2
Weston Wilson	642215	PHI	2025	30	111	125	0.198	0.282	0.369	0.651	5	9.6	27.2	74.1	42	7.8	15.2	-4.7	58.5	34.5	89.4	14.4	10.3	41	103.8	62.9	22.2	24.6	50.8	20.5	109
Angel Martinez	682657	CLE	2025	23	446	484	0.224	0.269	0.359	0.628	11	4.8	22.7	70.2	10.8	7.4	12.4	-7	56	33.8	87.1	18.4	3.5	29.3	102.2	69.2	13.8	39.7	34.5	25.5	107.4
Jon Berti	542932	FA	2025	35	100	107	0.21	0.262	0.23	0.492	0	4.7	20.6	72.3	21.9	7.4	2.2	9.4	25	29.2	87.5	1.5	2.6	37.2	104.4	66.5	22	25.1	40	7.7	112.1
Brady House	691781	WSH	2025	22	261	274	0.234	0.252	0.322	0.574	4	2.9	28.5	72.4	22.2	7.5	8.5	3.4	48	35.4	89.8	5.8	4.3	46.3	105.7	75.7	23.2	36.8	48.2	10.6	111.5
Tyler O'Neill	641933	BAL	2025	30	181	209	0.199	0.292	0.392	0.684	9	10.5	24.4	74	34.6	7.7	19.1	-7.3	47.1	35.8	88.8	22.2	16.5	39.1	105.4	68	23.9	28.3	47.9	27.1	113.6
Cedric Mullins	656775	TB	2025	30	435	498	0.216	0.299	0.391	0.69	17	10	24.1	71.1	11	7.5	11.3	-6	62.7	29.2	88.8	23.3	6.2	35.9	102.6	69.1	17.5	26.6	38.9	29.6	108.4
Stuart Fairchild	656413	CLE	2025	29	51	55	0.216	0.273	0.333	0.606	0	7.3	27.3	69.9	7.1	7.3	13.5	-2.7	59.5	37.3	88.1	24.4	13.9	36.1	#N/A	76.6	27.1	19	50	13.9	104.8
Christian Moore	695681	LAA	2025	22	162	184	0.198	0.284	0.37	0.654	7	10.3	33.7	72.7	29.8	7	7.8	3.5	52.5	33.2	88.9	14.6	6.9	36.3	105.7	69.4	28	23.9	64.4	10.8	112.5
Ozzie Albies	645277	ATL	2025	28	603	667	0.24	0.306	0.365	0.671	16	8.2	14.1	69	7	7.2	12.7	-5.3	58.5	34.9	87.5	18.7	4.9	30.7	100.9	77.9	14.8	33.5	32.7	27.2	109.9
Junior Caminero	691406	TB	2025	21	602	653	0.264	0.311	0.535	0.846	45	6.3	19.1	78.5	81.1	8.4	8	-5.3	59.4	26.2	92.4	10.7	14	51.4	109.5	69.5	17.9	32.2	38.9	21.5	116.7
Matt Olson	621566	ATL	2025	31	624	724	0.272	0.366	0.484	0.85	29	12.6	24.3	73.9	41.3	7.5	8.7	1.1	48.2	33.9	93.3	14.8	14.3	53.3	108.4	66.5	21.8	24.9	37.4	16.1	114
Brendan Rodgers	663898	FA	2025	28	115	128	0.191	0.266	0.278	0.544	2	8.6	35.9	74.1	40.4	7.3	9.9	-8.2	56.2	31.6	90.5	10.8	14.3	48.6	106.1	63.8	23.5	28.2	75	17.1	112.2
Carson Williams	700246	TB	2025	22	99	106	0.172	0.219	0.354	0.573	5	5.7	41.5	73.6	33.1	7.6	15.3	-2.7	50	34.1	85.9	8	8.9	35.7	103.7	68.7	29.9	29.2	59.3	16.1	109.5
Davis Schneider	676914	TOR	2025	26	188	227	0.234	0.361	0.436	0.797	11	15.9	26.4	71.4	16.4	7.1	20.6	-6.2	40.3	33.6	90.8	24.2	14	41.1	104.6	68.2	17.9	20.9	57.9	33.3	108.3
Andrew McCutchen	457705	FA	2025	38	477	551	0.239	0.333	0.367	0.7	13	12.2	21.4	71.1	12.1	7.7	14.5	-0.8	53.2	34.5	89.5	14.5	8.3	42.5	103.7	69	19.5	20.7	50	20.4	110.2
Yohel Pozo	650968	STL	2025	28	160	168	0.231	0.262	0.375	0.637	5	4.2	13.1	69.5	9.4	7.7	6.8	-1.9	47	25.7	87.7	17.8	2.2	35.3	103.2	76	13.3	48.1	28.2	21.6	109
Coby Mayo	691723	BAL	2025	23	263	294	0.217	0.299	0.388	0.687	11	9.2	28.6	74.7	47.8	7.3	10.8	-16.6	45.1	35.6	87.3	20.7	10.1	36	105.7	61.8	20.1	27.9	55.6	26.8	109.8
Chadwick Tromp	644433	BOS	2025	30	21	22	0.143	0.182	0.333	0.515	1	4.5	27.3	70.7	7.4	7.9	7.7	-4.7	51.9	29.9	90.2	13.2	6.7	40	#N/A	51.5	5.9	38.9	50	20	105.1
David Fry	681807	CLE	2025	29	146	157	0.171	0.229	0.363	0.592	8	5.7	36.9	70.4	7.2	7.9	15.3	-5.5	64.9	31.1	88.7	23	9.1	39.8	104.4	69	26	34.2	47.5	29.5	107.8
Jack Suwinski	669261	PIT	2025	26	150	178	0.147	0.281	0.253	0.534	3	13.5	32	73.9	42.4	7.4	14	2.5	44.6	34.5	88.8	16.7	11.8	38.7	105.8	61.2	24.6	16.8	61.5	21.5	110.5
Steven Kwan	680757	CLE	2025	27	625	693	0.272	0.33	0.374	0.704	11	7.9	8.7	63.7	0.8	6.3	3.2	-2.5	35.3	35.6	86.2	15.6	1.9	19.3	98.1	58.8	3.9	22.7	23	15	104.2
Yuli Gurriel	493329	SD	2025	41	36	40	0.111	0.2	0.139	0.339	0	10	20	72.8	34.9	7.9	3	-9.8	31.7	24.7	85.1	22.4	0	17.9	#N/A	58	5	38	36.7	10.7	107.9
Sam Haggerty	664059	TEX	2025	31	162	182	0.253	0.328	0.37	0.698	2	8.8	20.3	71.8	22.4	6.9	3	-0.5	31.3	32.2	88.3	7	2.4	42.1	103.1	70.5	18.3	27.2	50	9.5	110.1
Nick Gonzales	693304	PIT	2025	26	381	408	0.26	0.299	0.362	0.661	5	5.1	17.9	70.5	13.5	7.6	8.9	-0.1	53.5	33.2	88.8	9.1	4.5	38.8	104	79.5	16.3	31.5	49.5	16	109.9
Nick Fortes	663743	TB	2025	28	218	242	0.229	0.296	0.349	0.645	5	5.8	19.4	72	19.6	7.3	3.5	-7.6	41.3	19.6	87.5	13.4	4.6	37.9	104.1	63.8	13.9	30.8	29.5	24.7	111.3
Ben Williamson	810938	SEA	2025	24	277	295	0.253	0.294	0.31	0.604	1	5.1	21.7	69.7	7.9	6.9	2.5	5.8	32.4	32.9	88.3	3.1	3.3	40.5	104.3	60.6	12.6	33.5	41.5	6.5	110.4
Daylen Lile	695734	WSH	2025	22	321	351	0.299	0.347	0.498	0.845	9	6	16	69.2	3.2	7.1	9.4	-1.2	51.1	37.9	88.9	15	5.2	40.1	103.9	75.4	12.6	26.7	38.6	20.1	109.1
Cal Raleigh	663728	SEA	2025	28	596	705	0.247	0.359	0.589	0.948	60	13.8	26.7	75.2	54.7	7.9	17.9	-8.2	45.2	34.3	91.3	25.2	19.5	49.6	107	75	21.6	31.8	51.5	38.4	114.7
Miguel Amaya	665804	CHC	2025	26	96	103	0.281	0.314	0.5	0.814	4	3.9	21.4	72.2	22.2	7.7	11.1	-11.3	54.1	34.9	86.4	18.6	6.6	32.9	100.8	71.4	16.8	36.8	43.7	28.9	108.1
Cole Young	702284	SEA	2025	21	223	257	0.211	0.302	0.305	0.607	4	10.9	18.3	71.4	21.6	6.8	7.6	1	52.8	28.1	87.6	17.2	5.6	31.1	102.7	63.9	20.7	23.5	35.9	23.3	114.1
Mason McCoy	669200	SD	2025	30	22	26	0.136	0.269	0.182	0.451	0	11.5	26.9	68.7	6.5	7.5	7.8	-2	54.8	29.8	82.9	11.1	13.3	26.7	#N/A	58.7	22.2	27.5	57.1	26.7	103.7
Danny Jansen	643376	TEX	2025	30	288	337	0.215	0.321	0.399	0.72	14	12.5	25.5	69.5	5.9	6.9	14.9	-5.1	62.4	29.8	87.6	24	8.8	39	101.5	65.4	18.1	19.9	44.6	32.7	107.4
Bo Naylor	666310	CLE	2025	25	359	414	0.195	0.282	0.379	0.661	14	10.9	23.9	72.4	22.1	7.8	13.6	-8.3	53	31.9	89.6	21.3	9.7	38.3	104.4	66.5	14.4	25.5	43.8	26.8	110.6
Austin Martin	668885	MIN	2025	26	156	181	0.282	0.374	0.365	0.739	1	12.2	17.1	68.2	4.9	6.9	10.3	-3.5	58.3	39.9	86.2	9.7	5.5	38.6	103.7	63.2	9.9	18.8	41.7	15	106.8
George Valera	671655	CLE	2025	24	41	48	0.22	0.333	0.415	0.748	2	14.6	27.1	72.3	25	6.7	6.8	-3.3	57.9	24.8	91.1	2.2	3.6	42.9	#N/A	61	21.3	22.3	52.2	7.1	111.1
Keibert Ruiz	660688	WSH	2025	26	255	267	0.247	0.277	0.318	0.595	2	3	9.7	66.1	1	7	10.4	-9	52.8	34.2	86.2	11.3	2.2	30.9	100.3	68.8	6.3	35.4	26.7	16.5	110.4
Luis Matos	682641	SF	2025	23	172	184	0.221	0.266	0.424	0.69	8	6	14.7	72	22.6	7.3	7.1	-6.5	57.3	26.9	88	14.1	7.5	37.7	102.2	65.6	12.2	37.7	33.3	19.9	111.6
Dane Myers	667472	CIN	2025	29	307	333	0.235	0.291	0.326	0.617	6	6.9	23.1	71	17.8	7.2	10.9	3.7	63.2	27.1	90.7	10.5	7.8	42	103.5	60.6	17.8	23.7	44	11.7	108.1
Marcus Semien	543760	NYM	2025	34	470	534	0.23	0.305	0.364	0.669	15	9.4	17.4	68.4	5.3	7.7	15.8	-3.9	56.6	34.8	88.3	19.4	6.7	35	102.4	75.2	13.9	23.5	49.8	23.8	110
Colby Thomas	687515	ATH	2025	24	120	132	0.225	0.267	0.417	0.684	6	5.3	37.1	74.8	49.2	7.7	11.6	-5	55.8	28.9	92.2	21.2	13.3	49.3	108.7	75.4	18.8	40.2	71.1	22.7	115.5
Andrew Vaughn	683734	MIL	2025	27	406	447	0.254	0.307	0.411	0.718	14	6.9	17.9	70.7	12.2	7.3	7.8	-1.8	48.4	29.4	91.6	13.3	12	47.7	105.6	66	13.2	28.3	40.7	18	111.2
Jacob Wilson	805779	ATH	2025	23	486	523	0.311	0.355	0.444	0.799	13	5.2	7.5	63.9	0.3	6.1	2.8	-1	36.3	35.1	84.6	8.8	2.2	24.7	99.3	66.6	7.6	32.1	14.1	14	108.5
Travis Jankowski	608671	NYM	2025	34	45	50	0.244	0.286	0.289	0.575	0	6	24	68	1.4	6.4	-4	-1.9	15.5	34	84.6	-0.4	0	34.3	#N/A	61.1	10.6	27	65	5.7	107.2
Yainer Diaz	673237	HOU	2025	26	542	567	0.256	0.284	0.417	0.701	20	3.5	16.8	72.2	21.8	7.3	10.4	1	59.2	28.3	89.9	10.2	9.6	42.2	105.6	78.3	12.7	44.3	38.6	15.3	111.6
Victor Mesa Jr.	683748	MIA	2025	23	32	38	0.188	0.297	0.344	0.641	1	13.2	13.2	72.7	18.2	8	7.8	-2.8	68.2	29	91.1	14.1	7.1	42.9	#N/A	75.8	16	33.3	32	21.4	106
Jose Iglesias	578428	FA	2025	35	306	343	0.229	0.298	0.294	0.592	3	7	16.3	68.9	9.3	6.6	2.7	3.9	33.7	33.6	84	3.9	2	28.5	100.3	55.3	11.2	34	29.5	9.8	109.5
Xavier Edwards	669364	MIA	2025	25	561	619	0.283	0.343	0.353	0.696	3	7.9	14.2	66.9	2.4	6.4	2.7	2.4	34.2	31.1	86.8	8.2	0.8	29.4	100.5	69.1	8.2	26.8	23.4	11.9	109
Max Schuemann	680474	ATH	2025	28	183	213	0.197	0.295	0.273	0.568	2	10.3	16.4	68.6	2.8	6.8	8.2	2.8	54.3	30.5	87.3	12.4	2.6	32.9	100.5	69.5	17.3	18.8	53.3	7.2	107.6
Blake Perkins	663368	MIL	2025	28	155	171	0.226	0.298	0.348	0.646	3	8.8	27.5	70	3.3	7.1	8.8	3.3	56.5	30.3	89.6	6.2	3.7	34.3	101	57.1	22.1	18.5	50	11.1	106
Oneil Cruz	665833	PIT	2025	26	471	544	0.2	0.298	0.378	0.676	20	11.8	32	78.8	78.4	7.8	9.2	-7.3	47.8	33.4	95.8	8.1	17.9	56.6	113.8	58.2	23.8	28.1	51.1	13.2	122.9
Will Wilson	669717	CLE	2025	26	78	91	0.192	0.267	0.244	0.511	0	7.7	37.4	72.2	13.4	7.3	14.8	-7.3	55.8	32	87.6	22	2	36.7	99.3	78.4	28.4	35	55.1	14.3	105.3
Romy Gonzalez	663853	BOS	2025	28	315	341	0.305	0.343	0.483	0.826	9	5.3	23.8	74.3	44.7	6.8	5.9	3.8	45.6	27.6	93.3	5.5	12.6	57.3	107.5	73.5	17.7	35.1	52.9	10.5	112.6
Chris Taylor	621035	FA	2025	34	113	125	0.186	0.256	0.301	0.557	2	4	33.6	69.8	4.7	7.1	12.6	-1.8	49.1	37.5	85.9	18.6	6.9	36.1	102.5	72.6	32.7	24.4	62	20.8	108.8
Logan Davidson	669722	LAA	2025	27	42	47	0.167	0.222	0.286	0.508	1	6.4	46.8	72.1	15.2	7.3	12.9	-5.6	36.7	32.3	87.4	12.1	4.5	27.3	#N/A	67.3	30.3	22	65	13.6	108.9
Ben Rortvedt	666163	CIN	2025	27	112	128	0.152	0.24	0.205	0.445	1	8.6	18	68.8	4.9	7	10.8	-0.9	59.7	28.9	81.2	13.6	3.3	19.6	99.6	65.8	21.6	28.4	34.2	19.6	103.9
Matt Vierling	663837	DET	2025	28	88	100	0.239	0.31	0.307	0.617	1	7	24	71.7	11	7.4	6.8	1.7	40.7	31.6	92.2	20.4	12.1	45.5	103.8	61.5	10.4	25.2	41.2	9.1	107.8
Jake Rogers	668670	DET	2025	30	123	142	0.187	0.277	0.333	0.61	3	10.6	27.5	70.5	5	7.5	16	-2.2	64.9	31.2	89.5	17.2	9.2	40.2	102.3	63.2	19.8	22.2	49.2	21.8	109.2
Jackson Holliday	702616	BAL	2025	21	586	649	0.242	0.314	0.375	0.689	17	8.6	21.6	70.6	10.7	6.9	8.3	5.6	52.8	31.9	88.8	8.9	7.8	40.8	103.7	68.3	18.4	22.3	46.4	10.7	109.6
Teoscar Hernandez	606192	LAD	2025	32	511	546	0.247	0.284	0.454	0.738	25	4.8	24.5	72.9	31	7.8	10.4	-0.1	54.4	31.9	90.2	9.9	11.5	46.1	#N/A	68.5	22.8	30	55.5	12.6	112.5
Jake McCarthy	664983	COL	2025	27	206	222	0.204	0.247	0.345	0.592	4	4.5	18	69.8	7.8	7	8.4	-1.2	48.1	32.4	84.7	6.5	5.3	27.6	100.4	64.8	11.8	34.3	38.4	10.6	110.9
Jose Caballero	676609	NYY	2025	28	314	370	0.236	0.339	0.347	0.686	5	12.7	26.5	69.1	10.6	6.8	10.1	-0.6	51.1	31.6	86	17.4	5.9	30.6	102.2	62.8	17.4	28.4	45.9	18.5	114.4
Austin Wells	669224	NYY	2025	25	401	448	0.219	0.275	0.436	0.711	21	6.7	26.3	73.4	31.1	7.6	10.5	-5.7	49.9	31.8	90.6	20.7	10.2	45.2	106.3	71.5	18.3	29.3	50.2	22.8	111.9
Michael Toglia	669911	CIN	2025	26	306	337	0.19	0.258	0.353	0.611	11	8.3	39.2	72.7	22.7	7.6	14.8	-2.5	44.3	35.8	89.9	17.7	10.2	43.2	105.5	67.4	25.5	30.8	62.6	21.6	111.4
Luis Arraez	650333	FA	2025	28	620	675	0.292	0.327	0.392	0.719	8	5	3.1	62.6	0.4	5.9	5.6	4.6	40.2	37.4	86.1	12.2	1.1	16.7	96.6	62.7	4.2	34.1	7.7	12.6	107.8
Bryce Eldridge	805811	SF	2025	20	28	37	0.107	0.297	0.179	0.476	0	18.9	35.1	71.5	13.6	7.1	13.1	0.3	49.2	37	95.6	12	25	68.8	#N/A	68.5	26	17.2	66.7	12.5	109.7
William Contreras	661388	MIL	2025	27	566	659	0.26	0.355	0.399	0.754	17	12.7	18.2	73.3	35	7.1	10.6	3.3	65.7	29.2	91.1	7	6.4	48.5	107.4	67.9	17.1	25.2	42.9	11.1	114.1
Aaron Judge	592450	NYY	2025	33	541	679	0.331	0.457	0.688	1.145	53	18.3	23.6	77	71.6	8.1	14.1	-6	50.8	38.4	95.4	19	24.7	58.2	111.8	67	24.7	22.5	61.1	15.5	118.1
Nolan Arenado	571448	ARI	2025	34	401	436	0.237	0.289	0.377	0.666	12	6.4	11.2	71.4	16.9	8.4	10.5	-9	56.5	33.2	86.8	19	3.9	32.6	101.6	64.9	8.7	33.9	34.5	25	108.3
Bryce Harper	547180	PHI	2025	32	501	580	0.261	0.357	0.487	0.844	27	12.1	20.9	74.2	44.3	7.3	11.6	-2.2	46.1	35.5	91.3	11.6	12.3	47.5	107.2	78.9	19.1	35.6	50.2	16.2	113.8
Bryce Johnson	669369	SD	2025	29	76	84	0.342	0.383	0.434	0.817	1	3.6	22.6	68.8	10.3	7.4	8.9	2.6	46.7	37.3	88.4	9	5	33.3	100.9	67.6	14	28.8	55	13.3	106.7
Graham Pauley	688363	MIA	2025	24	161	184	0.224	0.311	0.366	0.677	4	11.4	19.6	69.6	6	7.1	9.1	-5	55.9	28.5	86.6	17.3	5.5	35.4	102.1	66.9	19.1	27.9	45.7	19.7	111.1
Adley Rutschman	668939	BAL	2025	27	322	365	0.22	0.307	0.366	0.673	9	11	15.6	70.1	12.2	6.9	9.4	-1.3	48.1	34.6	89.4	13.7	7.5	38.6	104.6	58.7	8.9	21.7	30.4	16.9	111.3
Miguel Rojas	500743	LAD	2025	36	290	317	0.262	0.318	0.397	0.715	7	7.6	14.5	68.1	4.3	7.1	7.6	-4.4	49.3	32.1	87.6	12.9	4	31.2	102	63.1	9.2	26.8	38.5	19.4	109.1
Jose Trevino	624431	CIN	2025	32	282	302	0.238	0.272	0.351	0.623	4	5	12.9	68.9	2.6	7.2	9.1	-2.3	72.8	23.3	87.9	10.9	4.4	40.7	102.9	59.5	13.2	32.2	29	23	107.9
Connor Kaiser	663731	KC	2025	28	18	19	0.111	0.158	0.167	0.325	0	5.3	26.3	70.5	11.5	7.6	8.4	-5.3	50	30.4	82.1	29.5	7.7	23.1	#N/A	59	17.4	31	66.7	#N/A	103.6
Luken Baker	663609	ARI	2025	28	34	41	0.235	0.366	0.324	0.69	0	17.1	24.4	76	64.6	7.9	10.1	-5	67.7	29	94.6	22.1	8.3	54.2	#N/A	67.1	27.3	20.5	50	25	109.5
Aaron Schunk	668845	ATL	2025	27	32	33	0.188	0.188	0.219	0.407	0	0	30.3	68.3	0	6.5	5.9	-1.4	42.6	35.3	85.9	24.3	4.3	21.7	#N/A	76.5	12.8	55.9	39.4	4.3	102
Lourdes Gurriel Jr.	666971	ARI	2025	31	500	546	0.248	0.295	0.418	0.713	19	5.7	13.9	70.6	9.6	7.5	10.5	-6	50.5	36.9	87.8	16.3	7.2	38.3	103.2	69.5	12.1	34.5	36.9	20.3	109.1
Orlando Arcia	606115	MIN	2025	30	203	214	0.202	0.238	0.291	0.529	3	4.7	22	70.6	15.1	7.8	7.4	-0.3	57.5	26.8	87.4	7	2.5	33.8	104	72.8	18	33.1	41.5	15.3	108
Joshua Palacios	641943	FA	2025	29	128	145	0.203	0.292	0.305	0.597	3	8.3	24.8	72	22.8	7.2	7.8	3.7	48.8	30.3	88.3	11	8.6	39.8	105	72.4	20.5	28	49.3	12.9	110.3
Trea Turner	607208	PHI	2025	32	589	639	0.304	0.355	0.457	0.812	15	6.7	16.7	71.2	17.9	7.6	8.1	-2.9	60.1	27.9	89.3	9.1	5.8	42.1	104.2	72.8	13.9	31	49.1	15.9	111.7
Nick Kurtz	701762	ATH	2025	22	420	489	0.29	0.383	0.619	1.002	36	12.9	30.9	77.2	72.6	7.7	14.3	1.8	48	39.1	92.7	15.3	18.4	51.1	108.5	63.9	27.5	22.2	58.5	15.8	114.6
Drew Gilbert	687551	SF	2025	24	100	109	0.19	0.248	0.35	0.598	3	6.4	18.3	72.2	18.7	7.6	5.2	-11.1	44.6	24.4	86.6	11.3	4.9	35.8	102.2	65.9	15.4	21.6	63.4	16	109.8
Ronny Mauricio	677595	NYM	2025	24	168	184	0.226	0.293	0.369	0.662	6	8.2	29.3	73.8	40.8	7.6	7.4	-2.3	52.8	29.2	91.2	12.7	8.8	43	107.3	66.7	25.9	39.9	45.6	25.4	111.3
Johnathan Rodriguez	671286	CLE	2025	25	71	77	0.197	0.26	0.366	0.626	2	7.8	28.6	77.3	67.5	8.1	7.3	-2.6	29.3	31.6	92.1	-1.9	6.1	55.1	106.9	61.2	26.7	28.9	58.3	8.2	112
Shea Langeliers	669127	ATH	2025	27	481	523	0.277	0.325	0.536	0.861	31	6.9	19.7	73.8	39.6	7.2	11.4	-3.1	61.4	30.3	90.9	16.4	11.2	44.9	107.8	73	16	32.1	45.3	21.9	114.5
Adolis Garcia	666969	PHI	2025	32	507	547	0.227	0.271	0.394	0.665	19	5.1	24.7	72.1	25.3	7.6	8.8	-0.5	62.5	28	92.1	16.3	11.6	46.7	105.9	69.9	22.8	35.8	43.9	17.9	113.6
Darell Hernaiz	687231	ATH	2025	23	173	197	0.231	0.292	0.306	0.598	2	8.6	12.2	68.3	2.2	7.1	6.2	0.5	46.5	32.6	85	6.3	3.2	30.1	101.5	70	14.2	30.9	31.5	8.3	109.2
Will Banfield	677943	CIN	2025	25	10	10	0.1	0.1	0.1	0.2	0	0	60	70.6	4.5	7	8	-12.1	50	29.5	84.4	24.1	0	25	#N/A	75	33.3	31.3	40	#N/A	101.2
Cam Smith	701358	HOU	2025	22	441	493	0.236	0.312	0.358	0.67	9	8.7	27.8	74.5	46.9	7.3	7.5	-1.2	39.3	38.1	87.9	8.9	6.9	40.8	105.7	66.1	18.4	29.6	53.3	13.1	113.9
Gabriel Moreno	672515	ARI	2025	25	277	309	0.285	0.353	0.433	0.786	9	9.4	17.2	70.9	15.9	6.9	8.3	4.4	51.1	33.8	90.4	14.4	7.1	43.4	104.1	60.6	12.6	25.9	31.7	14.6	110.3
Daulton Varsho	662139	TOR	2025	28	248	271	0.238	0.284	0.548	0.832	20	6.3	28.4	75.6	56	7.9	12.9	-3.8	62.4	29.8	89.9	23.5	15.9	40.3	107.1	77.4	24.4	30.6	44.5	29.5	113.9
Salvador Perez	521692	KC	2025	35	597	641	0.236	0.284	0.446	0.73	30	4.4	19.5	72.9	30.5	7.9	12.4	-5.4	56.2	34.2	90	18.1	14.8	46.7	107	74.8	17.3	42.4	41.6	26.6	114.8
Rob Refsnyder	608701	SEA	2025	34	182	209	0.269	0.354	0.484	0.838	9	11.5	25.8	73.2	33.8	7.6	12.2	-0.1	64.6	31.9	92	12.1	12.3	52.3	105.7	61.8	20	19.1	43.4	16.9	112.2
Sean Murphy	669221	ATL	2025	30	291	337	0.199	0.3	0.409	0.709	16	10.4	31.2	72.6	30.6	7.8	12.5	-4	49.7	30.8	89.1	10.6	13.2	43.1	107.1	68	22	25.9	61.9	25.4	114.4
Caleb Durbin	702332	MIL	2025	25	445	506	0.256	0.334	0.387	0.721	11	5.9	9.9	67.9	1.9	6.8	8	-4	63.7	27.6	85.2	13.9	4	26.9	100.6	61.3	8.7	24.6	25.6	20.4	108.9
Taylor Ward	621493	BAL	2025	31	579	663	0.228	0.317	0.475	0.792	36	11.3	26.4	69.5	7.2	7.1	9.1	-2.9	55.5	32.1	90.1	18	13.7	42.7	105.1	53.7	13.5	20.7	52	17.8	111
Joey Loperfido	694388	TOR	2025	26	96	104	0.333	0.379	0.5	0.879	4	3.8	26	72	26.6	7.6	15.6	5.8	44.6	37.7	87.3	11.7	5.7	37.1	102.8	73.4	20	34.4	48.5	15.7	107.2
Hyeseong Kim	808975	LAD	2025	26	161	170	0.28	0.314	0.385	0.699	3	4.1	30.6	67.3	2.4	7.1	10.2	0	38.1	41.6	86	7	2.7	28.2	98.6	66	21.9	35.1	49.6	11.8	105.4
Bryce Teodosio	669326	LAA	2025	26	138	150	0.203	0.248	0.304	0.552	1	3.3	31.3	68.9	4.3	6.6	9.4	1.7	51.3	32.7	84.3	12.9	4.3	26.6	101.2	82.4	28.6	38.4	60.7	11.7	110.1
Ildemaro Vargas	545121	ARI	2025	33	115	121	0.27	0.292	0.383	0.675	3	1.7	12.4	70.5	11.6	7.4	5.7	-6.6	46.6	23.6	89.2	3.3	3.9	37.3	104.9	62.8	12.9	37.4	31.2	11.8	111.9
Tyler Freeman	671289	COL	2025	26	377	428	0.281	0.354	0.361	0.715	2	7.9	11.9	71.3	14.6	6.9	2.9	0.5	32.7	35.6	90.1	7.9	2.1	40.4	103.8	65.1	5.8	25.9	30.4	11.4	109.6
Bobby Witt Jr.	677951	KC	2025	25	623	687	0.295	0.351	0.501	0.852	23	7.1	18.2	74.3	45.1	7	5.1	-0.2	47.2	28.6	93.3	15.2	12.5	48.5	108.8	71.5	16.6	30.7	40.8	15.8	117.5
Elias Diaz	553869	FA	2025	34	255	283	0.204	0.27	0.337	0.607	9	7.4	26.1	72.8	29.4	6.9	6.2	-4.4	49.6	29.1	88.4	17.7	7.5	38.7	105.3	73	23.7	30.3	60.5	22.6	111.4
Michael Massey	686681	KC	2025	27	262	277	0.244	0.268	0.313	0.581	3	3.2	15.5	70.1	6.9	7.2	13.4	-6.5	59.7	31.4	87.5	22.2	4	33	102.1	69.5	12.7	37.6	29.7	23.7	108.5
Alejandro Osuna	696030	TEX	2025	22	151	176	0.212	0.313	0.278	0.591	2	11.9	19.3	71.2	16.4	7	4.7	5.1	41.6	29.9	88.9	12	5.9	37	104.7	61.7	15	24.9	32.2	11.8	110.2
Nate Eaton	681987	BOS	2025	28	81	90	0.296	0.348	0.383	0.731	1	6.7	21.1	73.3	31.2	7.3	5.7	-6	42	31.9	88.8	8.8	6.3	37.5	104.6	63.2	9.1	29.9	36.7	9.4	107.9
Zach McKinstry	656716	DET	2025	30	452	511	0.259	0.333	0.438	0.771	12	9	21.7	67.5	1.9	6.8	9.9	1.4	43.1	37.4	85.7	14.1	6.1	30.5	101.8	65.5	16.2	26.4	40.7	19.3	108.7
Jazz Chisholm Jr.	665862	NYY	2025	27	462	531	0.242	0.332	0.481	0.813	31	10.9	27.9	73.9	41.9	7.8	15.8	-6.1	56.8	32.9	89	15.8	15	43.3	105.4	68.4	25	26.5	50.2	24.5	112.2
Carlos Santana	467793	FA	2025	39	415	474	0.219	0.308	0.325	0.633	11	11	19.2	71.3	17.1	7.6	12.8	-5.6	64.5	26.7	87.6	16.7	4.9	37.8	104.1	65.9	15.3	24.8	47.4	25.6	113.2
Brett Wisely	689172	TB	2025	26	54	63	0.185	0.279	0.315	0.594	1	11.1	22.2	67.8	3.5	6.6	10.3	-0.9	53	33.2	87.3	25.4	7.1	31	#N/A	66.9	16.9	31.3	30	23.8	106.1
Joey Wiemer	686894	WSH	2025	26	55	61	0.236	0.279	0.436	0.715	3	3.3	37.7	72.5	22.7	7.6	12.6	-11.8	71.8	25.3	91.4	6.4	14.7	61.8	#N/A	75	24.1	35.9	54.1	32.4	107.6
Kyle Manzardo	700932	CLE	2025	24	470	531	0.234	0.313	0.455	0.768	27	9	25.4	70.6	8	7.4	17.3	-0.6	52.2	37	90.3	21.3	11.8	43.8	104.2	67	20.7	27.4	46.7	23.8	111.3
Pete Alonso	624413	BAL	2025	30	624	709	0.272	0.347	0.524	0.871	38	8.6	22.8	75.3	53.4	7.1	10.1	1.1	59.8	33.8	93.5	15.4	18.9	54.4	110.1	65.7	18.4	27.4	42.4	18.9	115.9
Kyle Stowers	669065	MIA	2025	27	399	457	0.288	0.368	0.544	0.912	25	10.5	27.4	75	51.7	6.7	11.6	0.3	52.3	33.9	91.1	14.1	19	52	108.1	79.3	24.7	27.9	55.3	23.7	113.7
Gio Urshela	570482	FA	2025	33	181	197	0.238	0.287	0.326	0.613	0	6.6	20.3	68.6	5.4	7.2	11	3.6	58.2	36.2	86.9	10.6	2.1	34	102.6	73	22.2	39.5	43.5	11.1	107.7
Edgar Quero	700337	CHW	2025	22	365	403	0.268	0.333	0.356	0.689	5	7.9	17.6	67.5	1.4	6.7	6	9.5	52.2	31.5	90.4	6.8	3.7	46.3	102.3	68.3	16.8	19	39.6	7.8	109.8
Jonah Heim	641680	FA	2025	30	395	433	0.213	0.271	0.332	0.603	11	7.4	20.3	69	4.9	7.5	11	0.4	59.2	28.6	88.1	14.5	6.1	35.9	102.4	68.1	19.1	29.9	36.7	16.7	109.6
Grant McCray	687529	SF	2025	24	22	26	0.091	0.16	0.182	0.342	0	7.7	42.3	73.4	37.2	7.2	12.1	-1.4	62.8	33.5	85.7	15.4	15.4	23.1	#N/A	71.9	24.4	22.5	66.7	30.8	107.8
Jake Fraley	641584	TB	2025	30	191	217	0.241	0.332	0.382	0.714	6	11.5	22.6	71.6	16.2	7.1	9	-6.6	37.9	37.5	85.2	17.8	4.9	34.5	104.7	69	12.9	26.4	51.8	29.6	108.5
Christopher Morel	666624	MIA	2025	26	278	305	0.219	0.289	0.396	0.685	11	8.2	35.7	76	62	8.2	14.9	-9.2	68.7	27.3	91.8	17	14.8	49.7	108.2	78.3	29.1	31.1	61.6	27.2	115.4
Emmanuel Rivera	656896	FA	2025	29	120	127	0.25	0.291	0.283	0.574	0	4.7	18.9	68.3	3.2	6.9	6.3	0.2	53.4	32.4	86.7	11.6	1	32.3	100.2	72.4	17.8	35.1	48.9	9.4	109.1
Drew Millas	686452	WSH	2025	27	49	55	0.306	0.358	0.449	0.807	0	7.3	12.7	66.7	4.9	6.7	3	0.6	27.2	34.2	84.8	8.5	2.3	23.3	#N/A	70.1	13.4	17.4	50	13.6	106.2
Kevin Pillar	607680	FA	2025	36	43	43	0.209	0.209	0.256	0.465	0	0	18.6	69.1	2.5	7.4	8.9	-2.2	51.9	32.1	86.1	14.9	2.9	20	#N/A	69.9	15.5	43.7	25.8	20	104.7
Ryan Kreidler	668952	MIN	2025	27	38	44	0.105	0.19	0.105	0.295	0	9.1	43.2	71	12.7	7.8	17.4	-2	44.3	38.8	89.6	16.5	4.8	28.6	#N/A	71.6	30.2	30.8	67.9	23.8	106.9
Freddy Fermin	666023	SD	2025	30	319	347	0.251	0.297	0.339	0.636	5	5.5	18.7	69.6	5.3	7.3	8.9	-0.7	49.5	34.5	89.1	14.2	4.2	34.1	102.5	73.1	15.1	31.2	45.5	11.9	108.3
Jo Adell	666176	LAA	2025	26	526	573	0.236	0.293	0.485	0.778	37	5.8	26.4	77.6	73.4	7.7	8	-5.9	49.5	33.8	91.7	16.1	17.3	50	109	74.3	16.9	32.6	52.6	18.1	115.7
Sal Frelick	686217	MIL	2025	25	528	594	0.288	0.351	0.405	0.756	12	7.9	13.5	68.2	5.4	7.1	8.6	-1.8	51.9	28.1	85.5	12.1	3.1	27.4	100.3	60	9.2	26.3	22	17.7	109.1
Jimmy Crooks	699625	STL	2025	23	45	46	0.133	0.152	0.244	0.396	1	0	37	71.9	14.4	7.2	15	-2.1	44.4	35.4	89.6	19.7	7.1	39.3	#N/A	70.5	16.2	27.7	50	17.9	106.7
Jake Burger	669394	TEX	2025	29	356	376	0.236	0.269	0.419	0.688	16	3.2	24.7	74.6	50	7.4	7.6	-4.1	53.4	24.9	90.4	16.1	13.9	48.5	108.1	71	16.6	39.9	50.6	13.5	114.7
Mark Vientos	668901	NYM	2025	25	424	463	0.233	0.289	0.413	0.702	17	6.5	24.8	71.2	14.8	7.6	14.6	1.2	62	31.9	91.4	11.5	11.5	50.5	106	70.8	22.7	32.8	53.6	16.3	110.4
Coco Montes	#N/A	#N/A	2025	28	10	10	0.2	0.2	0.2	0.4	0	0	30	72.7	30	7.7	15.1	-6.6	40	38.2	90.3	-3.5	0	42.9	#N/A	35.7	0	46.2	50	#N/A	105.2
Gage Workman	669398	DET	2025	25	16	17	0.188	0.235	0.25	0.485	0	5.9	41.2	71.8	15.4	7.5	26.6	-10.3	15.4	45.1	89.8	18.9	11.1	33.3	#N/A	80.8	38.1	38.5	90	22.2	105.6
Alexander Canario	672744	FA	2025	25	216	234	0.218	0.274	0.338	0.612	6	7.3	34.2	76	59.2	8.1	13.5	1.9	48	35.2	87.4	10.5	12.4	43.8	106.5	74.7	30	32.4	59.6	17.5	112.1
Victor Scott II	687363	STL	2025	24	398	463	0.216	0.305	0.296	0.601	5	9.1	24	69	6	6.4	9.7	-1.8	53.5	32.2	86.1	15.2	3.7	26	100.9	73.4	18	24.3	54.1	15.3	106.7
Manuel Margot	622534	FA	2025	30	19	20	0.316	0.3	0.316	0.616	0	0	30	71.1	12.1	7	3	-0.3	29.4	26.2	79.5	10.1	0	14.3	#N/A	71.4	23.3	30.8	50	21.4	102.8
Kameron Misner	670224	KC	2025	27	197	217	0.213	0.273	0.345	0.618	5	7.4	31.8	73.2	32.4	7.8	12.3	-7.4	51.2	37.1	87.6	15	5.3	29.8	104.3	63.1	24	30.6	56.9	17.6	110.3
CJ Abrams	682928	WSH	2025	24	580	635	0.257	0.315	0.433	0.748	19	5.8	19.7	72.4	25.5	7.6	10.9	-3.8	59	27.3	88.7	13.3	7.6	39.2	104.1	67.4	17	32.6	40.8	22.2	112.7
Evan Carter	694497	TEX	2025	22	194	220	0.247	0.336	0.392	0.728	5	8.6	18.6	70	8.3	7.2	8.7	-8.3	46.3	32.7	86.7	13.7	5.9	34.6	102.8	65.7	18.1	20	53.2	17.6	111.1
Alek Thomas	677950	ARI	2025	25	433	469	0.249	0.289	0.37	0.659	9	4.5	26	71.2	14.5	7	10	0.2	60.2	27.6	89.6	4.2	7.8	39.3	105.2	68.9	18.4	35.1	51.3	11.5	110.6
Chas McCormick	676801	FA	2025	30	100	116	0.21	0.279	0.29	0.569	1	7.8	26.7	71.5	13.7	7.7	21.2	-1.1	38.1	34	85.8	21.9	5.3	29.3	103.1	75	27.3	38.2	47.2	21.3	106.4
Drew Avans	682183	COL	2025	29	17	18	0.118	0.111	0.118	0.229	0	0	33.3	66.9	0	6.1	1.4	6	23.8	28.1	84.7	1.4	0	16.7	#N/A	76.9	6.7	42.5	35.3	8.3	100
Bryson Stott	681082	PHI	2025	27	499	560	0.257	0.328	0.391	0.719	13	9.6	16.3	69.4	5.7	7.2	7.5	2.1	51.5	32.8	87.6	14.9	5.1	29.5	102.6	55.6	12.7	23.3	27.2	14	110.7
Dalton Rushing	687221	LAD	2025	24	142	155	0.204	0.258	0.324	0.582	4	6.5	37.4	73.1	23.7	7.6	14	-5.3	57.2	34.2	90.8	17.2	14	45.3	107.4	65.7	26.9	19.6	71.7	29.1	112
Jordan Westburg	676059	BAL	2025	26	328	352	0.265	0.313	0.457	0.77	17	4.8	22.7	70.7	11.7	6.7	10.5	-1.5	59.3	29.8	90.2	14.1	11.2	43.4	106.3	72.7	22.1	26.5	50.6	12	111.8
Martin Maldonado	455117	FA	2025	38	147	161	0.204	0.245	0.327	0.572	4	5	35.4	71.2	14.9	7.6	15.1	-7.7	52.6	31.8	86	16.1	9.4	28.1	103.6	56.5	27.7	31.6	61.7	20.8	107.5
Reese McGuire	624512	FA	2025	30	133	140	0.226	0.245	0.444	0.689	9	2.9	19.3	70.7	9.8	8.2	13.9	-7.9	51.7	32.7	85.1	15.7	9.2	36.7	101.8	70.9	13.1	38.4	41.5	26.6	105.7
Jesse Winker	608385	FA	2025	31	70	81	0.229	0.309	0.4	0.709	1	11.1	25.9	71.1	16.1	7.4	13.9	3.3	64.4	35.4	89.5	20.5	7.8	45.1	104.6	68.5	16.5	18.8	46.4	29.4	109.3
Dillon Dingler	693307	DET	2025	26	435	469	0.278	0.327	0.425	0.752	13	4.9	23.5	71.7	14.6	7.7	10.8	-0.3	49.4	39.8	90	15.8	9.2	45.7	105.4	64.3	14.5	30.2	50.4	19.6	110.7
Jac Caglianone	695506	KC	2025	22	210	232	0.157	0.237	0.295	0.532	7	7.8	22.4	77.4	72.9	7.6	8.6	-4.2	49.2	28.5	89.4	4.1	12	42.4	109.3	67.5	15.3	38.5	42.7	15.8	114.1
Tucker Barnhart	571466	FA	2025	34	13	15	0.231	0.333	0.231	0.564	0	6.7	26.7	66.5	0	7.1	7.8	-2.1	59.1	31	85.4	-0.5	0	11.1	#N/A	63.6	4.8	16	0	22.2	100.2
Alex Verdugo	657077	FA	2025	29	197	213	0.239	0.296	0.289	0.585	0	6.6	14.6	67.4	3.9	6.2	1.8	-0.6	30.7	30.9	89.9	9.9	3	42.8	104	52.9	8.2	21.4	32.9	10.8	107.7
J.P. Crawford	641487	SEA	2025	30	570	654	0.265	0.352	0.37	0.722	12	11.3	18.7	71.1	19.3	7.2	4.7	1.7	36.8	36	87.2	11.5	4.8	34.7	102.7	65.1	16.4	21.9	34.2	15.4	110.1
Austin Riley	663586	ATL	2025	28	416	447	0.26	0.309	0.428	0.737	16	6	28.6	75.9	60.5	7.6	10.8	-4.5	45.6	32.2	92.3	16.8	15.2	50.2	109.2	72.2	21.9	27.7	51.1	24.2	113.9
Freddie Freeman	518692	LAD	2025	35	556	627	0.295	0.367	0.502	0.869	24	9.6	20.4	69.9	8.4	6.9	10.7	1	46.4	43.1	90.9	14.3	10.4	45.7	104.3	76.1	21.4	28.4	42.4	18.9	114.1
Xander Bogaerts	593428	SD	2025	32	491	552	0.263	0.328	0.391	0.719	11	8.7	17	72.2	26	7.3	10.2	-6.9	52.5	31	89	11.1	6.9	39.2	105.6	58.8	14.5	23.6	39.3	18.5	112.2
Luke Williams	663897	FA	2025	28	31	34	0.129	0.176	0.194	0.37	0	2.9	26.5	66.3	0	7.6	11.2	-4	47.8	33.9	86.9	13.4	4.3	27.3	#N/A	68.3	18.6	29.5	61.5	17.4	103.3
Javier Baez	595879	DET	2025	32	417	437	0.257	0.282	0.398	0.68	12	2.3	24.9	73.5	34.4	8.3	10	-5.6	50.5	30.3	88.2	11.4	5.5	39.9	103.1	65.4	16.9	46.1	47.6	17.4	110
Nathan Lukes	664770	TOR	2025	30	388	438	0.255	0.323	0.407	0.73	12	8.7	13.7	68	5.4	6.5	7.4	8	43.7	31.7	87.9	11.2	4.7	37	102.3	64.4	10.9	31.4	21.2	14.2	107.7
Connor Norby	681393	MIA	2025	25	311	337	0.251	0.3	0.389	0.689	8	5.3	26.7	69.3	6.8	7	19.7	4.2	37.1	41.4	88.3	15.9	9.4	37.1	102.8	76.1	18.7	32.2	54.5	23.2	109
Korey Lee	686676	CHW	2025	26	35	40	0.257	0.333	0.429	0.762	1	10	17.5	70.9	9.5	7.5	11.5	-7.9	58.7	29.9	86.3	15.9	3.4	34.5	#N/A	64.5	16.3	29.9	52.2	17.2	106
Ke'Bryan Hayes	663647	CIN	2025	28	527	570	0.235	0.29	0.306	0.596	5	6.3	19.5	71.2	11.8	6.8	4.3	1.5	43.4	26.5	89.3	8.5	4.5	42.5	103.6	60.6	10.9	27	40.9	8.4	109.7
Niko Kavadas	694359	LAA	2025	26	20	23	0.1	0.217	0.1	0.317	0	13	43.5	69.7	5.9	7.2	18.8	-4.8	35.3	39.8	85.4	25.2	0	30	#N/A	42.6	21.7	29.6	50	40	108.4
Ramon Urias	602104	FA	2025	31	352	391	0.241	0.292	0.384	0.676	11	6.9	22.5	70.8	12.5	7.7	13.7	0.3	70.6	27.1	89.2	13.2	8	41.8	103.5	70	19.5	27.6	44.1	23	109.4
Ty France	664034	FA	2025	30	444	490	0.257	0.32	0.36	0.68	7	4.5	16.9	71	14.7	7.5	10.7	5.2	47.3	34.8	89.5	10.5	7.7	44.2	105.2	73.5	11.5	31.3	43.2	13.2	110.5
Shay Whitcomb	694376	HOU	2025	26	32	32	0.125	0.125	0.219	0.344	1	0	31.3	72.5	21	7.9	12.2	-7.3	59.7	29.8	84.5	11.4	4.5	18.2	#N/A	69	20.4	29.9	65	27.3	107.6
Wyatt Langford	694671	TEX	2025	23	489	573	0.241	0.344	0.431	0.775	22	12.9	26.4	73.1	29	7	16.8	-3.1	48.6	33.7	91.4	17.5	14	48.4	107.1	63.8	16.8	23.4	50.7	24.2	113.1
Jackson Merrill	701538	SD	2025	22	440	483	0.264	0.317	0.457	0.774	16	6.8	22.4	72	19.9	7.4	9.8	1.1	47.8	37.5	89.7	15.2	13	42.9	105.3	79.4	18.9	37.8	44.1	15.1	110.9
Jake Bauers	641343	MIL	2025	29	183	218	0.235	0.353	0.399	0.752	7	14.7	27.1	76.5	71.4	7.7	12.1	-3	50	34.5	91.7	16.6	13.6	45.6	107.4	65.7	16.6	20.4	58.2	16	112.6
Liam Hicks	689414	MIA	2025	26	332	390	0.247	0.346	0.346	0.692	6	11	14.4	67.4	2.6	6.7	9.1	-1.9	48.7	32.6	84.6	10.6	3.5	27.7	100.6	55.3	9.2	17.6	35.9	14.9	108.5
Dylan Beavers	687637	BAL	2025	23	110	137	0.227	0.375	0.4	0.775	4	19	26.3	72.3	22.1	7.4	7.9	-4.4	51.3	39.2	88.8	21.2	9.3	28	103.5	57	16.2	18.9	44.3	26.7	107.7
Blake Sabol	666165	TB	2025	27	16	18	0.125	0.167	0.188	0.355	0	5.6	38.9	72	10	7.2	10	5.5	57.5	30	87.8	4	10	40	#N/A	64.3	18.5	41.9	50	10	105.5
Ernie Clement	676391	TOR	2025	29	545	588	0.277	0.313	0.398	0.711	9	4.6	10.4	67.6	2.4	7	11.6	-3.1	59.4	32.2	86.6	17.9	2.4	26	100.3	72	7	36.4	28.7	22.2	108.9
Zack Gelof	680869	ATH	2025	25	92	101	0.174	0.23	0.272	0.502	2	6.9	45.5	72.1	14.2	7.3	21.4	0	36.8	34.6	88.1	15.2	12.5	47.9	102.6	74.4	34.4	26.4	69.8	16.7	107
Brett Baty	683146	NYM	2025	25	393	432	0.254	0.313	0.435	0.748	18	7.6	25	74.8	48.5	7.4	8.4	3.7	47.6	35.5	90.7	5.8	12.8	46.9	107	66.6	20.2	24.8	48.1	14.9	115.6
Royce Lewis	668904	MIN	2025	26	376	403	0.237	0.283	0.388	0.671	13	6.2	19.9	73.6	39.7	8	10.8	-7.7	68.3	28.9	89.8	16.7	8.7	40.3	105.2	69.5	20	31.3	42.6	24.5	113.7
Corey Julks	667452	FA	2025	29	12	13	0.25	0.231	0.417	0.648	0	0	23.1	69.5	4.5	7	10.1	-4.4	36.4	32.8	85.5	10.9	0	20	#N/A	65.5	21.1	28.6	50	10	99.2
Gleyber Torres	650402	DET	2025	28	532	628	0.256	0.358	0.387	0.745	16	13.5	16.1	70.2	11.8	7.2	9.3	4.2	56.5	34.1	90	14.3	8.2	39	104.4	64.8	14.9	17.1	36.8	13.9	110.9
Nasim Nunez	683083	WSH	2025	24	82	92	0.232	0.297	0.402	0.699	4	8.7	21.7	69.4	7.6	6.9	5.1	6.3	44.3	29.6	88.6	5	4.7	42.2	#N/A	63.6	15.7	21.7	55.8	9.4	108.6
Johan Rojas	679032	PHI	2025	24	152	172	0.224	0.28	0.289	0.569	1	7.6	23.3	70.3	12.7	7.3	6.3	2.7	55.4	24.3	87.9	7.4	3.4	35.3	102.9	67.1	18.3	38.1	35.8	10.9	112.4
Jarren Duran	680776	BOS	2025	28	620	696	0.256	0.332	0.442	0.774	16	8.6	24.3	74.8	47.5	7.5	5.6	0.2	44.5	26.6	91.8	12	9.7	46.8	108	64.1	16.4	31.1	54.5	15.2	117.7
George Springer	543807	TOR	2025	35	498	586	0.309	0.399	0.56	0.959	32	11.8	18.9	73.7	40.3	7.5	13.2	-0.4	58.1	35.1	90	17.2	16.1	47.6	107.2	71	20.1	20.4	47.6	18.6	114
Trenton Brooks	670092	FA	2025	29	41	43	0.146	0.186	0.268	0.454	1	4.7	30.2	66.9	2.4	7.2	14.5	0	62.2	31	89.4	18.2	7.1	35.7	#N/A	78.3	18.1	27.6	42.9	14.3	102.9
Thomas Saggese	695336	STL	2025	23	275	295	0.258	0.299	0.342	0.641	2	5.4	28.1	69.8	6	6.9	7.8	5.5	40.7	37.9	90.2	12.9	5.6	44.1	102.8	65.3	22.5	34.3	34.7	13.8	109.9
Brandon Nimmo	607043	TEX	2025	32	587	652	0.262	0.324	0.436	0.76	25	7.7	21.6	72.3	26.5	7.2	6.6	2.1	47.9	29.1	91.9	11.2	8.8	50.2	106.2	66.2	17.2	24.2	45.3	13.2	112.3
Bryan Reynolds	668804	PIT	2025	30	587	654	0.245	0.318	0.402	0.72	16	8.7	26.5	72.2	22.8	6.9	13	1.1	47	37.9	91.2	7.3	10.1	46	106.4	73.4	19.5	26	57.1	15.3	113.5
Heliot Ramos	671218	SF	2025	25	620	695	0.256	0.328	0.4	0.728	21	7.5	22.7	74	44.7	6.8	6	1.5	47.2	31.5	91.8	11.5	8.8	47.4	107.4	66.2	15.6	29.7	46.4	14.3	116
Luke Maile	571912	FA	2025	34	45	54	0.244	0.346	0.356	0.702	1	13	29.6	68.7	3.8	6.6	10.7	3	54.4	34	90.8	14	6.5	45.2	#N/A	63.2	19.4	23	52.2	16.1	106.1
Agustin Ramirez	682663	MIA	2025	23	537	585	0.231	0.287	0.413	0.7	21	6.2	19.3	75.2	55.4	7.5	7.3	-2.9	53.2	25.2	90.8	8.3	11	47	#N/A	70	13.7	32	48.3	18.5	116.9
Hunter Goodman	696100	COL	2025	25	540	579	0.278	0.323	0.52	0.843	31	5.7	26.3	74.4	42.7	7.3	13.4	-7.2	61.1	25.2	90.8	17.3	12.8	46.9	107.5	75.3	19.9	36.7	54.2	25.4	116.2
Jung Hoo Lee	#N/A	#N/A	2025	26	560	617	0.266	0.327	0.407	0.734	8	7.6	11.5	68.3	2.7	7.5	5.2	-4.6	40.9	39.4	87.1	9.9	3.7	32	101.3	64.5	8.5	22.5	28.1	15.2	107.2
Cody Freeman	683227	TEX	2025	24	114	121	0.228	0.258	0.342	0.6	3	4.1	15.7	67.3	1.5	6.6	10.3	-2.6	69.7	25.7	84.9	10.6	4.1	25.8	100.7	55.8	12.2	34.8	15.7	16.5	104.3
Tyler Locklear	682988	ARI	2025	24	103	116	0.175	0.267	0.262	0.529	3	8.6	37.1	71.5	16.3	7.2	12.6	1.4	48.6	34	87.9	7	6.7	41.7	105.6	67.1	18.6	33.7	54.5	10	108.1
Corbin Carroll	682998	ARI	2025	24	564	642	0.259	0.343	0.541	0.884	31	10.4	23.8	74.7	45.6	7.3	11	-3.3	68.4	25.7	92.1	16.7	14.5	49.9	107.4	66.8	19	31.6	36.6	22.9	115.8
Otto Lopez	672640	MIA	2025	26	544	594	0.246	0.305	0.368	0.673	15	7.4	13.8	71.7	22	6.8	7.4	-2.3	48.5	29.9	88.5	8.4	7.1	38.3	104.6	62.7	10.7	29.5	36.7	11	111.2
Ryan McMahon	641857	NYY	2025	30	509	586	0.214	0.312	0.381	0.693	20	11.9	32.3	74	40.1	7.4	13.1	0.9	47.5	38.8	93.3	13.9	12.1	50.5	106.8	64.7	25.2	25	62.3	17	113.6
Francisco Alvarez	682626	NYM	2025	23	246	277	0.256	0.339	0.447	0.786	11	9.7	26.4	74	40.8	7.2	7.7	3.2	50.1	29.9	93.1	9.6	12.1	54.3	108.4	66.4	26.4	27.7	51.8	9.2	115
Matt Wallner	670242	MIN	2025	27	336	392	0.202	0.311	0.464	0.775	22	11.7	29.1	76.6	68.5	7.4	12.5	-6.2	56.6	28.2	91	21.1	13.8	45.5	108.4	72	27.9	28.4	55.5	29	113.8
Billy McKinney	641856	FA	2025	30	20	21	0.2	0.238	0.25	0.488	0	4.8	4.8	70.3	8.1	6.9	11.4	2.7	51.4	36	87	16	0	26.3	#N/A	70.2	15.2	23.1	55.6	#N/A	102
Matt Gorski	685301	LAD	2025	27	41	42	0.195	0.214	0.39	0.604	2	2.4	38.1	74.8	46.3	7.9	16.5	-4.4	46.3	31.5	85.3	8.4	12	32	#N/A	56.8	36	43	42.5	20	115.2
Wilyer Abreu	677800	BOS	2025	26	373	417	0.247	0.317	0.469	0.786	22	9.6	24.2	74.1	40.9	7.1	9.5	-1.2	57.6	31.2	90.8	23	12.3	44.9	107.5	73.6	16.3	29	45.1	25.7	111.7
Nico Hoerner	663538	CHC	2025	28	599	649	0.297	0.345	0.394	0.739	7	6	7.6	68.5	2.6	7.2	5.9	-1.9	48	33.3	86.7	12.5	2.3	30.3	100.7	63.4	5.1	32.5	24.5	17.5	108.1
Dominic Fletcher	666150	PIT	2025	27	32	34	0.219	0.265	0.469	0.734	1	5.9	5.9	68.5	3.4	6.8	6.7	-3.5	54.2	25.8	89.1	15.8	3.3	40	#N/A	71	2.3	35.3	29.2	23.3	105.4
Denzel Clarke	672016	ATH	2025	25	148	159	0.23	0.274	0.372	0.646	3	3.8	38.4	74.3	43.1	7.7	4.2	2.1	44.6	31.1	90	4.1	6.7	42.7	107.8	65.3	20.2	30.2	57.6	7.9	113.4
Giancarlo Stanton	519317	NYY	2025	35	249	281	0.273	0.35	0.594	0.944	24	10.3	34.2	80.6	97.3	8.8	10.5	-4.2	62.1	27.9	94.4	17.5	22.1	55.2	112.2	58	27.7	25.3	59	21.4	118
Dylan Carlson	666185	BAL	2025	26	217	241	0.203	0.278	0.336	0.614	6	8.7	22.4	68.7	4.5	6.9	10.8	0.6	56.4	36.1	88.4	16.7	6.7	30.5	101.9	68.7	20.3	19.2	33.3	21.3	108
Richie Palacios	680700	TB	2025	28	42	48	0.333	0.396	0.452	0.848	1	10.4	18.8	68.1	3.1	7	6.4	-1.5	57.8	23	89.9	10.6	5.9	44.1	#N/A	63.1	23.1	20.7	27.8	14.7	103.3
JJ Bleday	668709	CIN	2025	27	307	344	0.212	0.294	0.404	0.698	14	10.5	26.5	71.7	14.7	7.5	15.5	-11.1	49.9	31.7	88.7	20.5	7.8	38.7	104.2	64.2	19.8	24.9	56.1	24.9	109.9
Jerar Encarnacion	666464	SF	2025	27	55	56	0.2	0.214	0.364	0.578	2	1.8	26.8	74.5	53.6	7.8	10.9	1	50	38.4	90.8	4	5	45	#N/A	62.9	24.7	30.4	66.7	15	112.4
James McCann	543510	ARI	2025	35	123	137	0.26	0.324	0.431	0.755	5	5.8	24.1	71.7	19.3	7	11	-3.6	45	36	92.3	8.3	7.6	52.2	105.7	67.6	20.4	32.7	49.4	8.7	110.3
Cooper Hummel	669450	FA	2025	30	88	105	0.17	0.298	0.273	0.571	3	13.3	29.5	71.8	21.2	7.2	12	-6.7	46.5	28.6	92	11.3	12.1	37.9	104.8	64.8	17.9	20.5	75	13.8	111.9
Jorge Polanco	593871	NYM	2025	31	471	524	0.265	0.326	0.495	0.821	26	8	15.6	71.2	14.5	7.2	9.5	-10.6	56.6	30.5	90.8	16.7	10.3	45.8	105.8	66.9	14	26.9	45	25.2	111.9
Cesar Salazar	663967	HOU	2025	29	13	16	0.231	0.375	0.231	0.606	0	12.5	12.5	67.3	0	6.8	10.8	0.5	66.7	32.6	82.1	11.9	0	18.2	#N/A	80	15	26.1	66.7	18.2	97.9
Maximo Acosta	691185	MIA	2025	22	54	61	0.204	0.295	0.389	0.684	3	9.8	27.9	68.5	3.7	7.3	13	-1.5	72	26.6	93.5	9.9	13.5	56.8	#N/A	55	18.3	25	48.6	13.5	108
Elly De La Cruz	682829	CIN	2025	23	629	699	0.264	0.336	0.44	0.776	22	9.6	25.9	74.5	45	7.2	8.3	-0.3	49.5	33.7	91	7.6	10.2	44.2	107.7	64.1	21.5	28.5	53	9.8	117.4
Jake Cronenworth	630105	SD	2025	31	419	515	0.246	0.367	0.377	0.744	11	13.4	20.8	70.9	15.5	7	7.4	-0.7	36.5	31.1	88.5	14.9	6.2	39	102.9	62.1	11.4	22.2	40.7	16.1	109.1
Sandy Leon	506702	ATL	2025	36	12	12	0.083	0.083	0.333	0.416	1	0	33.3	67.1	0	7	16.9	-2.7	47.4	32.4	91.3	18.5	0	25	#N/A	76	15.8	25	75	25	101.3
Patrick Bailey	672275	SF	2025	26	409	452	0.222	0.277	0.325	0.602	6	6.6	29.4	71.6	15.8	7.3	8.5	-3.5	45.5	32.9	88.2	15.6	5.6	36.4	103.4	68.4	17.8	29.1	55.6	17.1	109.8
Brice Turang	668930	MIL	2025	25	584	659	0.288	0.359	0.435	0.794	18	10	22.8	70.7	18.1	6.8	7	8.2	45.1	31.2	91.1	8.6	7.9	47.4	104.2	62.8	15.5	23.8	37.2	7	111.2
Wilmer Flores	527038	FA	2025	33	419	463	0.241	0.307	0.379	0.686	16	7.3	19	65.5	0.9	6.9	11.2	-6.6	49.8	32.1	85.9	18.8	4.8	26.9	100.2	63.2	14.4	29.3	35.2	23.1	108.6
Daniel Johnson	669288	MIA	2025	29	53	57	0.189	0.246	0.302	0.548	1	7	22.8	72.7	25	7.6	12.9	-7.8	55.4	30	89.3	13.9	12.5	42.5	#N/A	69.3	22.9	33	52.8	15	110
Jasson Dominguez	691176	NYY	2025	22	381	429	0.257	0.331	0.388	0.719	10	9.6	26.8	74.1	38.5	7.8	6.5	-3.6	46.4	31.4	90.6	13	7	49.6	106.7	72.8	17.1	30.9	48	12.6	112.1
Rhys Hoskins	656555	FA	2025	32	279	328	0.237	0.332	0.416	0.748	12	11.6	27.7	71	15.2	8.2	16.8	-6.9	47.7	33.6	90.2	22.1	10.3	46.4	103.6	60.1	21.1	19.9	47.9	34.5	111.1
Matt McLain	680574	CIN	2025	25	510	577	0.22	0.3	0.343	0.643	15	9.5	28.9	69.7	5.2	6.9	11.5	-0.1	56.5	32.1	88.8	16.3	7.7	40.7	103.3	59.9	19.8	26.3	48.5	12.9	109.9
Andruw Monasterio	655316	MIL	2025	28	126	135	0.27	0.319	0.437	0.756	4	5.2	23.7	68.4	2.2	7	13.5	-4.4	52.6	34.8	87	20.8	5.3	35.1	100	65.5	16.1	26.4	52.9	27.7	110.1
Austin Hays	669720	FA	2025	29	380	416	0.266	0.315	0.453	0.768	15	7	25.7	71.9	19.8	7.1	14.2	-5.6	65.9	30.8	88.8	14.6	10.4	38.4	104	71.1	21.5	34.3	50.5	22.9	109.2
Jose Herrera	645444	TEX	2025	28	166	204	0.187	0.285	0.259	0.544	2	11.3	23	67	1.4	7.2	7.4	-5.4	47.8	33.1	83.9	16.2	0.8	22.6	98.4	57.8	13.7	15.6	55	18	106.1
Oscar Gonzalez	660757	FA	2025	27	59	61	0.22	0.246	0.237	0.483	0	3.3	21.3	73.3	35.9	7	2.9	5.7	37.5	30.5	89.1	2.5	6.5	45.7	#N/A	81.9	18.6	52.3	39.7	15.2	110.9
Alex Jackson	656577	MIN	2025	29	91	100	0.22	0.29	0.473	0.763	5	5	37	76.1	62.8	7.8	11.7	-8.7	51.2	30.8	88.3	14.3	14.8	40.7	107.9	71.4	29.9	29	62.5	24.1	108.7
Ronny Simon	682927	PIT	2025	25	77	88	0.234	0.299	0.273	0.572	0	9.1	17	71.8	23.5	7.1	3.8	3.5	48.1	26.4	88.4	10	6.2	36.9	103.3	60.8	13.6	27.4	26.7	6.2	108.8
Carlos Cortes	666126	ATH	2025	28	94	99	0.309	0.323	0.543	0.866	4	3	20.2	71	17.5	7.1	8.8	-1.9	56.6	26.1	89.8	16.3	9.2	44.7	104.5	68.3	19.3	30.6	26.9	14.5	110.8
Kyle Tucker	663656	LAD	2025	28	500	597	0.266	0.377	0.464	0.841	22	14.6	14.7	72.1	23.7	7.6	11.7	-8.1	49.5	33.9	90.1	17.2	10.8	40.4	104	70.8	15.1	17.6	42.1	24.8	108.7
Luis Urias	649966	FA	2025	28	287	330	0.23	0.315	0.338	0.653	8	9.4	13.6	69.4	7.9	7.5	11.2	-2	71.3	27.8	86.2	14.5	3.7	30.2	#N/A	59.4	8.8	22.9	26.4	20	107.4
Jhonkensy Noel	678877	BAL	2025	23	148	153	0.162	0.183	0.297	0.48	6	2.6	34	77.9	73.2	7.5	6.7	-5	43.1	29.1	90.3	13.8	6.2	41.2	109.6	75.7	24.2	49	47.7	25.8	117.2
CJ Alexander	680769	FA	2025	28	17	17	0.176	0.176	0.176	0.352	0	0	47.1	74.9	46.9	8	12.7	-9.4	56.3	36.5	81.7	24.5	0	11.1	#N/A	69.4	40	35.5	54.5	55.6	98.6
Kerry Carpenter	681481	DET	2025	27	433	464	0.252	0.291	0.497	0.788	26	3.9	22.8	71.9	18.2	7.5	17	-0.4	48.8	34.8	91.4	21	12.5	46.8	104.6	71.4	19.4	34.1	40.8	27.9	109.5
Josh Bell	605137	MIN	2025	32	468	533	0.237	0.325	0.417	0.742	22	10.7	16.5	73.1	34.9	8	10.1	-2.9	58	33.7	90.4	10.4	12	47	107.8	68.9	16.2	26.8	41	17.8	114.1
Jackson Chourio	694192	MIL	2025	21	549	589	0.27	0.308	0.463	0.771	21	5.1	20.5	73.9	40	7.5	7.1	1.4	57.7	26.4	89.3	10.6	9.7	42.3	105.9	70.4	16.1	36.9	44.3	14.9	113.7
Luis Vazquez	676679	BAL	2025	25	50	53	0.16	0.208	0.24	0.448	1	5.7	26.4	72.4	31.9	7.3	8.6	7	46.2	32.6	89.6	7.2	11.1	44.4	#N/A	69.4	23.5	39.1	55.6	13.9	107.2
Miguel Vargas	678246	CHW	2025	25	504	569	0.234	0.316	0.401	0.717	16	9.8	17.6	70.6	11.7	7.6	11.9	-3	64.6	35.4	89.7	22.6	9.3	40.5	103.2	69.3	16.2	21.6	35.5	23.1	110.8
Logan O'Hoppe	681351	LAA	2025	25	423	451	0.213	0.258	0.371	0.629	19	5.3	30.8	72	20.4	7.6	15.7	-3.7	52.2	32.9	90.9	17.3	13.3	46.9	104.7	73.9	22.6	31.5	56	22.7	112.4
Kristian Campbell	692225	BOS	2025	23	229	263	0.223	0.319	0.345	0.664	6	11	27.4	73.3	39	6.8	11.3	8	42.7	34.7	88.6	4.7	5.1	41.8	104.9	60.7	19.7	23.4	47.2	10.2	112.2
Keston Hiura	669374	FA	2025	28	18	21	0.222	0.333	0.278	0.611	0	0	33.3	73.1	25.7	7.3	15.2	7.2	68.6	35.8	81.1	21.5	0	18.2	#N/A	73.7	25	35.1	46.2	27.3	105.9
Sebastian Rivero	665861	LAA	2025	26	33	34	0.182	0.206	0.242	0.448	0	2.9	26.5	70.1	2.8	7.6	11.3	-2.5	62	34.2	86.9	15.3	8.3	29.2	#N/A	72.9	25.5	49.1	53.6	12.5	105.3
Tyler Stephenson	663886	CIN	2025	28	299	342	0.231	0.316	0.421	0.737	13	10.8	33.9	70.1	4.9	7.4	13.3	0.7	51.3	37.5	90.5	12.9	14.4	49.2	104.2	62	22.1	25.2	51.7	18.7	107.9
Addison Barger	680718	TOR	2025	25	460	502	0.243	0.301	0.454	0.755	21	7.2	24.1	75.9	62.7	7.7	9.1	-5	51	28.8	91.7	11.9	11.4	51	107.9	66.4	18	31.1	44.4	21.1	116.5
Sam Hilliard	656541	FA	2025	31	51	61	0.196	0.328	0.412	0.74	2	16.4	37.7	75.2	56.2	7.2	8.8	-2.7	49.5	25.4	93.5	15.6	17.9	57.1	#N/A	66.2	37.2	23.3	44.1	21.4	110.3
Triston Casas	671213	BOS	2025	25	99	112	0.182	0.277	0.303	0.58	3	9.8	24.1	75.1	54.2	8	15	-5.2	43.7	36	87.6	15.1	9.7	44.4	104.9	72.6	24.7	23.4	52	22.2	110.9
Isaac Collins	686555	KC	2025	27	372	441	0.263	0.368	0.411	0.779	9	12.9	21.1	72.7	22.5	6.7	4	-2.2	37.2	28.8	88.8	12.2	4.9	38.9	104	64.8	16	18.4	48.7	20.4	111.2
Scott Kingery	664068	CHC	2025	31	27	29	0.148	0.207	0.185	0.392	0	6.9	37.9	69.7	1.9	7	13.7	1.7	71.2	33.9	86.1	9.1	6.3	31.3	#N/A	74.6	31.8	35.6	62.5	#N/A	107.4
Jose Altuve	514888	HOU	2025	35	588	654	0.265	0.329	0.442	0.771	26	8.4	16.7	69.7	11	7.6	15.3	-5.7	55.3	28.8	85.1	17.7	6.2	30.9	102.4	63.5	13.4	38.9	30.4	25.3	110.6
Jeff McNeil	643446	ATH	2025	33	399	462	0.243	0.335	0.411	0.746	12	10.6	11.9	70.7	10.2	7.3	8.6	-4.9	47.3	33.1	87.2	15.9	5.1	32.9	101.2	75.8	10.5	26.8	36.3	26.9	107.1
Austin Barnes	605131	FA	2025	35	42	44	0.214	0.233	0.286	0.519	0	2.3	31.8	66.7	1.7	6.4	4.5	2.4	33.3	28.9	80.9	4.2	3.4	20.7	#N/A	54.8	13.7	26.8	68.4	24.1	105.2
Randal Grichuk	545341	FA	2025	33	272	293	0.228	0.273	0.401	0.674	9	5.8	20.8	73.9	42.4	7.7	10.2	-6.3	64.6	28.3	92.4	17.6	11.7	49.5	108.3	65.3	9.7	31.4	42.1	22	115.5
Sean Bouchard	656248	FA	2025	29	66	73	0.167	0.247	0.242	0.489	1	9.6	37	72.8	23.2	7.4	13.8	-5	51.5	38.2	86.6	18.1	0	30.8	#N/A	59.4	22.4	25.4	66.7	23.1	107.4
Alex Call	669743	LAD	2025	30	270	322	0.267	0.361	0.385	0.746	5	11.2	17.1	66.1	1.6	6.5	7	8.2	46.9	33.4	88.2	12.4	4.4	28.9	100.9	55.4	14.7	17.6	36.5	11.1	109.9
C.J. Kayfus	692216	CLE	2025	23	123	138	0.22	0.292	0.415	0.707	4	8	27.5	71.1	13.3	6.7	11.3	-2	41.3	38	88.7	16.4	9.2	36.8	104.5	75.5	23.7	29.2	69.6	19.5	109.8
Luis Robert Jr.	673357	CHW	2025	27	382	431	0.223	0.297	0.364	0.661	14	9.3	26	75.6	57.4	7.8	12.2	-5.2	53.9	36.5	89.4	18.2	10.2	41.6	106	76.3	22.2	32.5	52.1	19.7	115.8
Gavin Lux	666158	TB	2025	27	446	503	0.269	0.35	0.374	0.724	5	11.1	22.7	69.6	5.1	7.4	11.3	2.5	45.4	33.3	88.3	9.6	3.6	36.9	101.2	65.1	13.8	19.5	48.5	17.1	106.4
Trent Grisham	663757	NYY	2025	28	494	581	0.235	0.348	0.464	0.812	34	14.1	23.6	71	11.5	7.6	16.6	1.8	57.9	30.9	91.1	16.4	14.2	46.4	105.1	58.1	16.6	17.3	45.6	23.5	109.8
Taylor Trammell	666211	HOU	2025	27	117	135	0.197	0.296	0.333	0.629	3	12.6	30.4	74.6	44.5	7.8	11.5	-4.3	47.7	30	91	15.5	7.8	40.3	104.8	67.8	30.2	21.9	66.1	16.9	112.2
Sal Stewart	701398	CIN	2025	21	55	58	0.255	0.293	0.545	0.838	5	5.2	25.9	72.1	26.3	7.8	11	2	59.6	28.7	95.4	17.9	17.5	52.5	#N/A	72	18.2	32.7	36.1	30	112.6
Kyle Isbel	664728	KC	2025	28	368	409	0.255	0.301	0.353	0.654	4	5.6	18.1	70.5	9.2	7.1	2.4	-4.3	36.1	24.4	87.8	8.7	1.6	36.1	103.7	61.9	9	28.6	41	15.2	109.5
Tyler Heineman	623168	TOR	2025	34	149	174	0.289	0.361	0.416	0.777	3	6.9	17.8	66.2	0.7	7.1	6.5	-12.5	45.3	28.9	84.4	19.1	3.2	22.4	99.3	73.8	11.4	32.7	36.5	20	104.5
Garrett Hampson	641658	CIN	2025	30	77	91	0.143	0.25	0.169	0.419	0	12.1	31.9	67.1	0	6.7	9.4	-2.9	48	30.5	84.3	22.5	2	19.6	97.6	53.4	18	23.1	35	13.7	99.2
TJ Friedl	670770	CIN	2025	29	579	685	0.261	0.364	0.378	0.742	14	11.8	16.8	69.9	5.9	6.7	9.4	-7.8	59.6	28.3	87.1	14.3	2.7	32.1	101.6	58.3	9.9	18.1	44.7	20.9	107.6
Francisco Lindor	596019	NYM	2025	31	644	732	0.267	0.346	0.466	0.812	31	8.9	17.9	71	16.4	7.5	11.1	-1.6	51.1	33.8	90.5	15.1	8.8	44.4	104.5	67.3	15.3	26.7	35.8	22.7	112.9
Miguel Andujar	609280	FA	2025	30	321	341	0.318	0.352	0.47	0.822	10	5	14.4	71.7	18.4	7.8	6.3	-6.8	53.7	25.8	88	11	4.7	35.4	104.7	72.3	10.5	35.8	31.8	15.3	111.4
Robert Hassell III	690987	WSH	2025	23	197	206	0.223	0.257	0.315	0.572	3	3.9	30.1	68.7	1.8	6.9	11.8	7.2	56.9	38.1	88.6	7.2	8.1	40.7	103.8	73.6	19.5	27.3	54.9	11.1	109.1
Ian Happ	664023	CHC	2025	30	569	663	0.243	0.342	0.42	0.762	23	13.1	22.8	71.7	17.2	6.9	10.3	-5.5	46.5	32.7	90	16.1	10.4	44.4	105.7	63.5	17.5	20.8	49.1	21	112
Jeimer Candelario	600869	NYY	2025	31	80	91	0.113	0.198	0.212	0.41	2	9.9	31.9	69.5	10.4	8.1	16	-6.6	50.9	35.8	87.3	11.4	7.5	28.3	101.3	69.7	23.3	30	52.6	22.6	107.5
Chad Stevens	#N/A	#N/A	2025	26	13	14	0.154	0.154	0.154	0.308	0	0	50	69.7	8	7.1	3.6	1.3	16	41.5	82.2	5	0	14.3	#N/A	80.8	19	31	44.4	#N/A	96.6
Denzer Guzman	694203	LAA	2025	21	42	43	0.19	0.209	0.357	0.566	2	2.3	51.2	72.1	20.7	7.9	8.2	-5.1	52.4	34.2	86.5	25.8	15	45	#N/A	75.7	37.2	19.2	71.4	15	106.2
Will Wagner	695238	SD	2025	26	129	149	0.225	0.324	0.279	0.603	0	11.4	18.8	69	6.3	6.5	4.7	0.5	35.3	31.8	86.8	9.1	2	41.2	102.8	71.9	13.2	27	47.1	14.7	109
Dansby Swanson	621020	CHC	2025	31	590	645	0.244	0.3	0.417	0.717	24	7.3	26	70.9	5.7	7.4	15.6	-1.5	59.3	34.6	90.5	13.3	11.7	47.8	104.8	73.7	22.5	25.2	55.7	17.8	109.3
Byron Buxton	621439	MIN	2025	31	488	542	0.264	0.327	0.551	0.878	35	7.6	27.3	75	50.5	7.9	14.1	-6.2	57.9	34	92.5	17.7	17.6	53.8	108.6	74.1	20.4	29.4	58.9	26	114
Victor Robles	645302	SEA	2025	28	106	114	0.245	0.281	0.33	0.611	1	2.6	22.8	67	1.6	6.8	9.6	-3.2	47.9	33.3	85.4	6.8	4.9	23.2	99.6	79.3	15.1	42.9	45.1	17.1	112.6
Tim Tawa	694374	ARI	2025	26	199	225	0.201	0.274	0.347	0.621	7	8.9	28.4	73.1	31	7.1	11.1	-5.4	54.1	31.8	89.2	6.8	9.3	42.1	104	69	19	28.9	63.1	15	111
Ben Rice	700250	NYY	2025	26	467	530	0.255	0.337	0.499	0.836	26	9.4	18.9	73.4	34.5	7.4	10.6	-6	56.8	33.2	93.3	14.2	15.4	56.1	107.7	65.5	13.7	21.2	44.2	25.1	113.5
Eli White	642201	ATL	2025	31	256	271	0.234	0.27	0.406	0.676	10	4.1	25.8	72.2	21.2	7.2	9	2.4	46.7	34.4	87.7	11.3	9	40.4	105.5	72.1	18.9	29.6	47.8	16	109.6
Jorge Soler	624585	LAA	2025	33	279	315	0.215	0.293	0.387	0.68	12	8.9	29.8	74	41.2	7.7	8.4	-7.8	52.6	33.6	89.7	13.8	12.8	42	107	65.7	20.2	24.5	55.2	18.1	112.7
Jhonny Pereda	640902	MIN	2025	29	69	78	0.246	0.325	0.333	0.658	0	10.3	26.9	71	14.9	7.2	4.2	6	51.2	30.4	89.1	6.6	4.1	44.9	104.3	62.9	28	20.2	36.4	12.2	110.6
Kody Clemens	665019	MIN	2025	29	348	386	0.213	0.281	0.434	0.715	19	7.5	24.1	72.2	17.5	7.3	12.3	-3	65.9	27	91.5	16.7	12	48.3	106	67.5	17.4	27.8	41.2	23.2	109.8
Jason Heyward	518792	FA	2025	35	85	95	0.176	0.223	0.271	0.494	2	6.3	21.1	72.4	20.6	8.2	9.9	-7.2	63.8	28	85.1	11.5	4.4	33.8	103	60.3	15.2	32.4	48.2	20.3	108.9
Nick Yorke	694377	PIT	2025	23	69	72	0.232	0.264	0.319	0.583	1	4.2	20.8	72.1	21.1	7.4	1.8	4.2	38.3	33.6	85.6	10.5	1.9	38.9	#N/A	70.4	13.1	31.1	46.3	20.4	113
Jack Winkler	676466	MIA	2025	26	16	16	0.25	0.25	0.375	0.625	0	0	25	71.8	15.2	7	8.4	-3.9	54.5	25.2	86.8	5	8.3	25	#N/A	71.4	13.3	24.2	75	25	102.8
Max Muncy	571970	LAD	2025	22	313	388	0.243	0.376	0.47	0.846	19	16.5	21.4	73.1	34.2	7.3	9.3	-5.7	48.8	31.2	87.1	9.3	10.1	32.4	106.2	68.1	19.7	31.2	62.9	31.5	110.5
Lenyn Sosa	672820	CHW	2025	25	518	544	0.264	0.293	0.434	0.727	22	3.3	23.3	72.6	26.3	7.4	10.5	0.5	55.4	32.6	90.7	18.4	10.4	43.8	104.9	61.5	14	40.9	37.2	20	111.5
Blaze Alexander	677942	ARI	2025	26	230	266	0.23	0.323	0.383	0.706	7	8.3	32.3	72.1	25.6	7.4	8.9	3.9	47.1	36.1	90.2	7.3	12.8	43.2	104.2	68.2	22.3	25.2	55.9	16.2	110.7
Trevor Larnach	663616	MIN	2025	28	503	567	0.25	0.323	0.404	0.727	17	9.3	21.5	72.2	23.3	7.3	8.3	-10.6	41	34.1	90.9	10.9	7.2	45.7	106.4	62.2	16.1	27.5	59.6	16.5	113.3
Omar Narvaez	553882	FA	2025	33	7	10	0.286	0.4	0.286	0.686	0	20	10	66.7	0	7	11	-0.2	76.5	34.1	87.2	12.4	0	14.3	#N/A	72.7	18.8	14.3	0	28.6	97.7
Ezequiel Tovar	678662	COL	2025	23	360	390	0.253	0.294	0.4	0.694	9	5.4	25.1	71.6	19.1	7.5	10.9	0.6	52.2	36.1	89.4	16.4	9.3	38.9	105.3	82.1	20.5	41.1	51.1	17.8	112.5
Ezequiel Duran	677649	TEX	2025	26	205	219	0.224	0.266	0.293	0.559	0	3.7	25.1	71.5	17.2	7.2	6	-0.6	41	28.5	85.3	15.2	2.6	30.9	103.1	70.6	15.6	37.6	41.3	14.5	109.1
Marcelo Mayer	691785	BOS	2025	22	127	136	0.228	0.272	0.402	0.674	4	5.9	30.1	74.1	40.4	7.8	7.5	-2.8	43.4	31.9	90	6.7	9.2	51.7	103.7	68.3	13.2	29.7	71	14.9	108.7
Jonatan Clase	682729	TOR	2025	23	100	112	0.21	0.288	0.3	0.588	2	8.9	25	71.8	21.9	6.7	7	-1.8	46.2	32.3	86	17.4	6.8	35.6	102.2	64.8	19	29.5	44.6	17.8	108.1
Brenton Doyle	686668	COL	2025	27	502	538	0.233	0.274	0.376	0.65	15	5.6	25.7	70.8	6.3	7.2	11.5	0.6	64.6	30.3	89.9	9.8	10.8	44.6	105.2	71	18.4	30.1	55.9	15.9	111.3
Tim Anderson	641313	FA	2025	32	83	90	0.205	0.258	0.241	0.499	0	3.3	32.2	69.1	2.4	7	8.4	3.7	51.8	37	88.6	0.7	0	36.4	100.9	72	21.4	36.5	57.4	9.1	103.9
Maikel Garcia	672580	KC	2025	25	595	666	0.286	0.351	0.449	0.8	16	9.3	12.6	71.9	17.2	7.3	4.5	0.5	44.2	27.1	91.3	9.7	5.6	45.1	105.5	58	9.4	20.8	31.7	16.2	110.3
Wenceel Perez	672761	DET	2025	25	344	383	0.244	0.308	0.43	0.738	13	8.1	22.7	70.5	8.5	7	8	-4	51.9	29.7	90.3	18.4	8.8	40.1	#N/A	67.2	20.3	32.7	37.1	22.9	109.8
Christian Encarnacion-Strand	687952	CIN	2025	25	130	137	0.208	0.234	0.377	0.611	6	2.2	23.4	73.6	36.9	7.4	15.5	-4	60.6	35.2	87.9	21	9	44	105.7	66.2	13.1	46.6	43.2	22	111.4
Matt Shaw	807713	CHC	2025	23	393	437	0.226	0.295	0.394	0.689	13	8.7	21.5	69.6	11.5	7	11.1	-2	65.5	26.8	84.9	13.4	6.9	29.4	102	63.4	16.6	30.6	36.4	21.8	109.2
Carter Jensen	695600	KC	2025	21	60	69	0.3	0.391	0.55	0.941	3	13	17.4	74.8	43.7	6.9	3.6	1.4	41.3	26.6	95.4	7.3	20.8	58.3	#N/A	75.5	15.2	24	51.4	20.8	112.7
Vinnie Pasquantino	686469	KC	2025	27	621	682	0.264	0.323	0.475	0.798	32	7.2	15.7	72.5	26.4	7.4	9.7	-9.2	55.6	29.4	90.9	16.3	10.8	44.7	105.6	65.2	10	30.4	36.2	25	114.4
Corey Seager	608369	TEX	2025	31	380	445	0.271	0.373	0.487	0.86	21	13	19.6	72.6	21.9	6.7	12.8	3.5	54.7	34.2	92.9	11.6	15.3	53.6	108	78	18.2	23	59.2	11.9	112.4
Christian Yelich	592885	MIL	2025	33	573	644	0.264	0.343	0.452	0.795	29	9.9	25.9	73.4	35.6	7.5	9.7	6.9	44.4	36.3	90.2	1.9	10.3	46.4	106.7	66.7	18.4	25.7	55.8	8.1	113.4
John Rave	670231	KC	2025	27	153	175	0.196	0.283	0.307	0.59	4	10.3	26.3	73.9	37.9	7.3	10.9	-1.8	74.7	25.1	88.3	8.4	5.5	40	104.1	59.9	16.7	22.6	46.8	13.6	109.5
Luke Keaschall	807712	MIN	2025	22	182	207	0.302	0.382	0.445	0.827	4	9.2	14	66.9	2.2	6.4	8.1	-1.1	50	35.6	86.2	10.5	5.2	31.2	100.9	63.2	13.3	20	35.5	13.6	109.2
Matt Thaiss	642136	FA	2025	30	156	190	0.218	0.349	0.288	0.637	1	15.3	24.2	72.2	23	7.5	7	0.9	52.1	27.7	88.9	14.3	4.5	42.9	103.7	74.1	24.8	20.5	44.7	17.9	109.9
Ryan Fitzgerald	680837	LAD	2025	31	46	53	0.196	0.302	0.457	0.759	4	13.2	15.1	69.9	5.3	7.4	15.4	-5.6	62.7	30.7	89.1	16.6	13.2	34.2	#N/A	55.9	19.3	32.6	46.7	26.3	110.1
Hunter Feduccia	676439	TB	2025	28	88	105	0.148	0.267	0.205	0.472	0	14.3	27.6	69.8	10.6	7.1	10.7	-1.4	49.4	34.9	87.6	16.3	8.2	32.8	103.7	64.8	20.9	23.2	50	13.1	108.7
Jorge Mateo	622761	ATL	2025	30	79	83	0.177	0.217	0.266	0.483	1	4.8	36.1	71.9	17.7	7.5	6.5	-0.3	42.9	30.4	85.3	9.8	4.1	36.7	101.6	64.7	23.2	39.3	46.9	10.2	107.7
Paul Goldschmidt	502671	FA	2025	37	489	534	0.274	0.328	0.403	0.731	10	6.7	18.7	72.6	21.9	7.6	9.7	2.4	51.4	31.9	90.4	15.9	7.9	43.7	105.3	66.3	16.4	27.3	31.6	17.9	111.2
Willy Adames	642715	SF	2025	29	591	686	0.225	0.318	0.421	0.739	30	11.7	26.1	72.1	19.8	8.1	18.4	-3.9	50.3	35.3	88.9	21.1	12.6	42.8	103.7	67.9	18.8	26.7	54	22.6	110.2
Andres Gimenez	665926	TOR	2025	26	329	369	0.21	0.285	0.313	0.598	7	6.8	17.9	69.3	7	7	8.3	3	48.6	31.4	86.3	11	3	27.7	100.8	67.2	18.4	34.6	35.4	16.9	106.6
Nick Solak	669256	SD	2025	30	11	11	0.091	0.091	0.091	0.182	0	0	18.2	68.7	11.8	7.4	14	1.8	58.8	29.7	82.6	2.8	0	33.3	#N/A	56.3	33.3	58.8	30	#N/A	106
Alan Trejo	676701	FA	2025	29	40	43	0.175	0.19	0.225	0.415	0	2.3	16.3	66.1	0	7	16.1	-2.4	49.3	36.9	87.9	16.1	8.6	28.6	#N/A	76.5	16.9	33.3	38.1	20	103.4
Jose Barrero	676480	BAL	2025	27	29	31	0.138	0.194	0.276	0.47	1	3.2	29	73.6	32.8	7.4	11.2	-7	45.9	30.7	83.6	28	5	20	#N/A	70	16.3	34.5	45	25	104.7
Abraham Toro	647351	KC	2025	28	259	284	0.239	0.289	0.371	0.66	7	4.9	14.8	69.6	6	7.6	11.2	-2.8	52.9	32	86.3	13.4	4.5	34.2	101.8	65.5	13.5	34.8	32.5	16.7	109.4
Ivan Herrera	671056	STL	2025	25	388	452	0.284	0.373	0.464	0.837	19	9.5	18.6	74.4	47.7	7.8	8.7	-0.5	47.8	32	91.2	10.1	11	47.7	#N/A	64.3	15.5	25.1	43.9	14.6	113
Bobby Dalbec	666915	FA	2025	30	18	21	0.222	0.333	0.278	0.611	0	14.3	28.6	73.3	43.8	7.2	11.5	1.2	28.1	35.2	84.6	22.7	0	25	#N/A	56.5	26.9	26.8	54.5	8.3	107.1
Tristan Peters	#N/A	#N/A	2025	25	12	12	0	0	0	0	0	0	58.3	68.3	0	7.1	17.1	-2.9	42.9	32	86.8	26.7	0	40	#N/A	59.3	31.3	42.1	75	20	101.3
Brandon Lowe	664040	PIT	2025	30	507	553	0.256	0.307	0.477	0.784	31	6.9	26.9	73.9	40.4	7.2	14.8	-2.6	48.7	33.5	91.1	15.2	12.9	46.6	106.4	77.6	23.4	32.1	58.7	23.9	112.6
Noelvi Marte	682622	CIN	2025	23	339	360	0.263	0.3	0.448	0.748	14	4.4	23.6	73.3	33.2	7.4	9.7	-4.3	62.3	31	88.5	12.7	9	36.3	105.1	70.6	19.5	33	43.5	17.6	116.7
Miles Mastrobuoni	670156	SEA	2025	29	152	175	0.25	0.324	0.296	0.62	1	9.7	16.6	67.5	1.8	6.7	8.2	-2.6	44.1	32.9	88	6.2	2.3	36.4	101.8	56.5	13.3	19.2	26.3	9.3	107.2
Carlos Correa	621043	HOU	2025	30	537	584	0.276	0.332	0.402	0.734	13	7.7	19.3	73.8	37.9	7.2	7.7	-1.5	41.7	33.1	90.5	7.3	6.8	45.9	106.6	64.4	14.1	28.8	40.2	15.1	112.6
Liover Peguero	678894	PHI	2025	24	80	88	0.2	0.273	0.362	0.635	4	6.8	28.4	73.1	22.2	7.5	6.9	-9.9	42.1	25	85.7	6.5	9.1	32.7	103.1	59.8	19.6	21.2	75	16.4	110.3
Tim Elko	671284	CHW	2025	26	67	72	0.134	0.194	0.328	0.522	4	6.9	41.7	74.2	45.3	7.9	10.3	3	42.2	34.4	90.8	3.8	10.8	48.6	#N/A	65.8	19.6	31.8	61	13.5	111.1
Jake Meyers	676694	HOU	2025	29	343	381	0.292	0.354	0.373	0.727	3	8.1	17.6	68.4	5	6.9	6.8	-2.4	42.6	32.4	88.1	9.8	5	38.9	103.4	69.1	11.3	23.7	52.3	11.4	110.4
Jared Triolo	669707	PIT	2025	27	331	376	0.227	0.311	0.356	0.667	7	10.4	20.2	71.6	14.2	7.8	8.8	-2.5	44.7	37.3	89	14.7	6.2	38.2	103.3	68.7	14.7	24.3	52	15.8	108.9
Jacob Young	696285	WSH	2025	25	324	364	0.231	0.296	0.287	0.583	2	7.4	17.9	68.3	1.6	7.1	6	3.9	50.4	31.1	87.6	3.8	1.9	34.2	102	60.1	10.9	23.9	37.2	5.9	107
Braxton Fulford	690924	COL	2025	26	108	120	0.213	0.267	0.324	0.591	1	5.8	30	71.6	18.8	6.6	11	-8.3	53.1	29.2	87.3	19.8	5.3	38.7	104.8	69.4	20.5	27.4	57.4	20	112.7
Michael Harris II	671739	ATL	2025	24	611	641	0.249	0.268	0.409	0.677	20	2.5	20	74.3	40.7	8	6.9	-1	50.4	30.8	90.2	7.4	9.1	43.4	108.6	71.3	11.8	43.1	44.7	13.6	114.1
Luis Torrens	620443	NYM	2025	29	261	283	0.226	0.284	0.345	0.629	5	6.7	19.8	70.8	8.9	7.2	9.7	6.1	56.2	29.9	90.6	6.2	10.7	48.1	105.1	68.5	16.9	25.8	33.1	12.1	110.4
Spencer Horwitz	687462	PIT	2025	27	364	411	0.272	0.353	0.434	0.787	11	10.7	17.8	68.5	7.1	7	10	-2	45.1	35.9	87.4	15.6	8.2	36	102.5	67.1	11.7	23.3	37.2	16.8	107.3
Kyle Schwarber	656941	PHI	2025	32	604	724	0.24	0.365	0.563	0.928	56	14.9	27.2	77.3	77.2	7.5	14.6	-5.8	64.3	30.3	94.3	20.1	20.8	59.6	109.8	64.1	24.2	21.5	57.3	31.1	117.2
Ali Sanchez	645305	NYY	2025	28	23	23	0.217	0.217	0.304	0.521	0	0	26.1	70	9.8	7.2	11.2	2	65.9	32.3	88.3	15.1	17.6	41.2	#N/A	73.8	9.7	47.4	38.9	23.5	104.8
Tristin English	663536	ATL	2025	28	22	23	0.091	0.13	0.136	0.266	0	4.3	34.8	72.1	25.5	7.2	8	-4.6	42.6	31.7	91.7	13.2	0	35.7	#N/A	63.6	14.3	38.1	31.3	21.4	104.9
Pavin Smith	656976	ARI	2025	29	244	288	0.258	0.362	0.434	0.796	8	14.2	31.9	72	21.6	7.4	13.3	0.9	51.9	32.7	90.1	12.4	11.7	46.1	104.5	57.3	24.1	22.7	52.6	19.5	110.9
Lars Nootbaar	663457	STL	2025	27	509	583	0.234	0.325	0.361	0.686	13	11	20.4	73.4	37.8	6.9	9.2	-3.1	55.4	28	91.3	16.5	10.2	50	106.1	56	13	22	41.7	15.2	113
Vimael Machin	605353	COL	2025	31	11	12	0.091	0.167	0.364	0.531	1	8.3	16.7	68.5	10	7	8.8	4.9	50	24.1	85.4	13.2	11.1	33.3	#N/A	68.8	9.1	54.5	50	11.1	107.6
Jarred Kelenic	672284	CHW	2025	25	60	65	0.167	0.231	0.3	0.531	2	7.7	35.4	73.4	29.1	7.3	14.2	-2	62.4	30.8	89.1	16	13.5	37.8	#N/A	71.3	29.9	27	75.8	16.2	108.4
Isaac Paredes	670623	HOU	2025	26	378	438	0.254	0.352	0.458	0.81	20	11.4	17.4	69	9.5	8	15.6	-15.4	55.5	32.5	87.4	23	6.3	33.6	102.5	60.4	11.2	21.4	30.8	38.5	107.4
Jordan Lawlar	691783	ARI	2025	22	66	74	0.182	0.257	0.288	0.545	0	8.1	35.1	71.7	18.9	7.7	17.6	-13.3	48.1	34.2	87	17.2	4.9	34.1	#N/A	61	22.5	26.6	59.5	34.1	107.9
Alejandro Kirk	672386	TOR	2025	26	451	506	0.282	0.348	0.421	0.769	15	9.5	11.7	72.5	28.6	7.2	7.9	4.5	55.8	23.9	91.1	11.9	10.1	50.8	106.5	65.9	14.4	29	27.6	11.8	112
Matthew Lugo	683090	LAA	2025	24	69	70	0.232	0.243	0.464	0.707	4	0	34.3	73.4	35.2	7.4	9.3	-1.6	49.1	35.5	88.2	12.9	13.3	42.2	#N/A	65	28.9	39.2	51	15.6	108.1
Luisangel Acuna	682668	NYM	2025	23	175	193	0.234	0.293	0.274	0.567	0	6.7	19.2	70.7	17.5	7.3	3.4	4.8	41.8	25.3	87.9	3.4	1.4	35.5	104.5	68.9	10.6	30.9	45.9	5	110.3
Brayan Rocchio	677587	CLE	2025	24	344	383	0.233	0.29	0.34	0.63	5	5.7	20.1	70	6.8	7.3	11	-5.9	50.8	29	88	11	3.3	35.5	102.3	70.9	17.2	30.9	40.6	20.7	109.6

