batter_name	player id	pa	zone_swing_percent	chase_percent	zone_contact_percent	barrel_percent	launch_speed_90	launch_speed	max_launch_speed	k_percent	bb_percent	ground_ball_percent	fly_ball_percent	line_drive_percent	pop_up_percent	pulled_fly_ball_percent
Luke Nowak	#N/A	81	63	25.4	85	NaN				12.3	17.3	46.2	25	23.1	5.8	32	0.702
Mike Sirota	#N/A	115	50.3	33.6	73.6	NaN				21.7	13	40.5	32.4	25.7	1.4	25.6	0.459
A.J. Ewing	#N/A	81	67.3	14.6	87.1	5.6	103.6	90.6	108.7	12.3	18.5	33.9	21.4	44.6	0	21.6	0.32
Marco Dinges	#N/A	112	66.3	23.8	80.5	NaN				12.5	18.8	44.4	20.8	26.4	8.3	17.6	0.177
Jay Thomason	#N/A	161	60.9	17.1	77.5	16.7	105.8	90.2	111.3	23.6	21.1	32.1	39.3	25	3.6	35.2	0.803
Josh Adamczewski	#N/A	207	74	25	80.8	NaN				17.9	14	41	30.6	23.1	5.2	29.2	0.607
Enrique Jimenez	#N/A	98	64	23.3	80.9	5.3	102	89.5	103.4	24.5	23.5	25.5	37.3	29.4	7.8	29.4	0.619
Drew Cavanaugh	#N/A	133	61.5	19.7	79.7	NaN				25.6	20.3	35.8	38.8	23.9	1.5	19	0.227
Jake Casey	#N/A	78	66.2	20	82.6	9.5	100.2	85.6	109.6	23.1	12.8	31	33.3	28.6	7.1	38.5	0.877
Cameron Sisneros	#N/A	157	69.3	21.6	87.2	NaN				9.6	14.6	45.9	27.9	20.7	5.4	20.4	0.282
Will Taylor	#N/A	118	65.6	25.1	78.7	10.6	103.3	85	106.2	25.4	13.6	43.1	25	23.6	8.3	31.4	0.685
Parks Harber	#N/A	83	67.8	25.7	83.2	17	107.9	95.2	110.8	26.5	14.5	25.5	36.2	34	4.3	12.1	0.056
Randy Guzman	#N/A	101	74.8	41	80.5	14.1	106.7	90.4	111.1	19.8	5.9	43.7	19.7	28.2	8.5	38.2	0.872
Eduardo Quintero	#N/A	395	56.7	24.4	76.2	NaN				22.3	16.5	38.3	31.1	23.4	7.2	25.8	0.466
Alfredo Duno	#N/A	494	66.8	21.1	74.9	12.6	105.6	91.1	111.3	18.2	18.8	39.7	30.1	22.2	7.9	32.3	0.709
Emil Morales	#N/A	138	61.9	28.3	76.7	NaN				23.2	10.9	38.9	24.4	28.9	7.8	25	0.433
Slade Caldwell	#N/A	217	45	21.3	78.6	NaN				28.6	20.3	49.5	19.4	27.2	3.9	14.6	0.106
Antonio Anderson	#N/A	101	67.2	21.3	78.4	NaN				21.8	14.9	53.1	15.6	29.7	1.6	37.9	0.857
Kane Kepley	#N/A	126	61.8	17	87.9	NaN				11.9	18.3	35	33.8	26.3	5	27.1	0.523
Konnor Griffin	804606	233	70.9	28.2	84	6.6	107.8	90.7	114.2	22.7	6.4	52.2	15.9	26.1	5.7	24.2	0.413
Freili Encarnacion	#N/A	194	73.1	37.2	79.7	NaN				20.1	5.7	40.1	24.8	24.1	10.9	34.3	0.769
Dax Kilby	#N/A	77	60.1	11.9	88.4	3.6	104.2	91.4	108.9	13	14.3	52.7	18.2	29.1	0	19.2	0.235
Roldy Brito	#N/A	151	71.1	38.9	74.3	NaN				16.6	9.3	57.8	16.5	22.9	2.8	25.6	0.459
Travis Honeyman	#N/A	130	65.3	24.3	88.3	3.4	101.3	87	108.6	14.6	15.4	54	19.5	20.7	5.7	20	0.254
Drew Brutcher	#N/A	234	54.9	17.8	79.7	NaN				22.2	14.5	46.6	22.6	28.1	2.7	17.6	0.177
Jonathan Hogart	#N/A	107	64.6	20.4	77.9	13.5	104.1	90.2	106.5	26.2	15.9	36.4	29.1	30.9	3.6	39.4	0.895
Carlos Gutierrez	#N/A	294	61.9	22.7	87.8	NaN				13.6	12.6	53.6	18.5	24.6	3.3	18.7	0.218
Nate George	#N/A	185	74.7	30.7	85.4	NaN				15.1	9.7	42.3	23.4	29.9	4.4	17.8	0.189
Alfredo Alcantara	#N/A	135	74.6	29.4	83.3	4.2	101	77.9	106.6	21.5	14.1	55.3	15.8	22.4	6.6	51.7	0.993
Alex McCoy	#N/A	224	71.8	31.5	72	NaN				23.7	8.9	38.9	23.6	25.7	11.8	26.8	0.504
Carlos Sanchez	#N/A	264	71.1	20.7	71	7.6	101.5	86.2	108.6	25.4	17	53	15.2	27.8	4	20	0.254
Kien Vu	#N/A	90	63.5	29.4	80.8	10	102.2	87.2	106.9	26.7	10	40.7	31.5	24.1	3.7	23.3	0.383
Marshall Toole	#N/A	370	62.4	21.5	87.3	3	103.5	87.7	109.5	19.5	13.5	47.1	21.1	26.4	5.4	27.8	0.554
Devin Taylor	#N/A	125	60.4	28	71.9	NaN				28.8	16.8	37.3	41.8	14.9	6	13.2	0.07
Ryan Jackson	#N/A	287	58.9	24.6	85.7	NaN				17.1	19.2	49.4	20.8	23.6	6.2	22.8	0.373
Dixon Williams	#N/A	111	68.9	23	78.5	NaN				29.7	14.4	31	44.8	22.4	1.7	38.5	0.877
Elijah Hainline	#N/A	291	59.7	27.8	75.1	NaN				23.7	16.2	48.5	21.6	24	6	34.2	0.759
Mac Guscette	#N/A	92	65.1	30.5	83	NaN				16.3	15.2	37.7	24.6	27.9	9.8	28.1	0.569
Braden Montgomery	695731	85	72.2	24	81.7	NaN				22.4	11.8	60.4	24.5	13.2	1.9	30	0.635
Edward Florentino	#N/A	239	58.3	22.5	89.4	7	104.1	88.6	108.8	23.4	13.8	22.4	44.1	25.9	7.7	33	0.726
Tommy Hawke	#N/A	268	51	14.3	88.8	NaN				16.4	19.8	56	16.9	24.7	2.4	11.6	0.044
Rainiel Rodriguez	#N/A	272	68.7	25.8	80.9	10.5	104.3	88.6	111.1	17.6	14	35.4	34.3	19.7	10.7	42.7	0.941
Wehiwa Aloy	#N/A	85	59	29.4	72.4	NaN				27.1	9.4	39.6	35.8	22.6	1.9	16.1	0.137
Dakota Jordan	#N/A	419	72.2	30.8	76.6	NaN				22.7	8.8	49.8	25.8	21.1	3.2	13.7	0.094
Mason Guerra	#N/A	186	57.6	20.8	78.5	NaN				26.3	17.7	46.5	31.3	17.2	5.1	35.4	0.81
Luke Stevenson	#N/A	94	55.4	24.4	78.5	NaN				20.2	21.3	43.4	18.9	22.6	15.1	36.4	0.833
Lucas Spence	#N/A	102	54.4	16.5	82.1	NaN				17.6	17.6	56.7	20	18.3	5	17.4	0.166
Carlos Rodriguez	692230	185	69.4	27	76.3	NaN				18.9	15.7	45.3	29.9	17.9	6.8	33.9	0.752
Deniel Ortiz	#N/A	320	68.3	21.4	77.9	11.8	105.3	91.5	110.1	27.5	15.3	31.3	34.1	29.5	5.1	29.5	0.621
Caleb Bonemer	#N/A	434	59	25.6	85.7	NaN				21	15.7	35.3	35	20.3	9.4	38.1	0.862
Yeuni Munoz	#N/A	109	72	31.7	79.9	14.3	107.1	92	112.2	29.4	10.1	54	23.8	15.9	6.3	48	0.975
Zander Darby	#N/A	244	66.7	28.2	79.5	NaN				18.4	15.2	42.4	29.1	19.6	8.9	31.2	0.678
Gerardo Rodriguez	#N/A	86	67.6	35.3	86.2	NaN				15.1	10.5	33.3	34.9	25.4	6.3	34.2	0.759
Bobby Blandford	#N/A	126	57.1	29.1	76.6	NaN				27.8	15.1	36.8	33.8	23.5	5.9	41	0.913
Trace Willhoite	#N/A	346	68.5	23.2	75.2	14.5	105.4	90.7	110	22	13.6	41.6	29.9	21	7.5	35.8	0.817
Jackson Ross	#N/A	129	52.4	25.9	79.4	NaN				27.9	9.3	33.3	28.4	29.6	8.6	42.6	0.936
Maddux Houghton	#N/A	142	73.6	21.3	74.1	6.1	103.2	84.3	107.2	26.8	11.3	34.1	25.6	23.2	17.1	32.5	0.714
T.J. McCants	#N/A	127	69	30	68.3	NaN				25.2	14.2	55.3	21.1	21.1	2.6	21.9	0.333
Theo Gillen	#N/A	324	55.8	16	82.1	NaN				23.1	19.8	44	25.1	25.1	5.7	28.4	0.585
Yohairo Cuevas	#N/A	259	62.2	19.4	76.1	7	104.1	85.9	108.8	19.3	19.3	41.6	22.8	27.5	8.1	33.3	0.728
Joe Olsavsky	#N/A	187	52.3	14.3	87.9	NaN				18.7	14.4	40.7	26.5	23.9	8.8	28.1	0.569
Poncho Ruiz	#N/A	132	68.9	20.5	78.7	4.9	104.5	87.1	107.3	20.5	18.2	37	27.2	28.4	7.4	20	0.254
Raudi Rodriguez	#N/A	556	66.2	37.5	71	NaN				23.2	11.2	42.1	33.3	20.9	3.7	19.3	0.242
Bryce Arnold	#N/A	222	64.9	17.7	78.3	9.1	102.7	87.9	105.8	23	11.7	40.9	30.3	18.2	10.6	29.7	0.631
Ethan Frey	#N/A	117	58.8	20.1	83.1	NaN				21.4	16.2	43.8	21.9	30.1	4.1	21.1	0.297
Luis Peña	#N/A	311	70	31.4	86.8	NaN				13.2	9	46.6	25	22	6.4	26.1	0.476
Drew Faurot	#N/A	94	79.2	28.3	86.4	1.5	101.5	88.4	105.9	20.2	7.4	59.7	4.5	31.3	4.5	25	0.433
Derek Bernard	#N/A	292	63.6	39.8	72.6	NaN				24	11	62.7	14.1	20.5	2.7	20.3	0.28
Jimmy Obertop	#N/A	97	63.4	39.4	75	NaN				33	10.3	44.2	30.8	21.2	3.8	18.5	0.206
Yasmil Bucce	#N/A	340	62.5	16.5	80.6	NaN				24.1	18.2	45.8	28.4	23.7	2.1	23.2	0.376
Trevor Cohen	#N/A	126	61	29.2	91.6	NaN				11.9	15.9	60.7	10.1	27	2.2	9.1	0.02
Garrett Pennington	#N/A	256	73.7	30.2	84.3	10.7	108	92.6	111.8	17.6	8.6	41.8	29.9	20.1	8.2	22.8	0.373
Slate Alford	#N/A	120	65.2	33.6	72	NaN				25.8	16.7	48.4	31.3	20.3	0	30.3	0.65
Curtis Washington Jr.	#N/A	220	65	28.3	83	NaN				21.4	7.7	50	23	16.4	10.5	31.7	0.693
Victor Figueroa	#N/A	233	64.3	27.2	74.6	NaN				20.2	14.6	43	31.5	20.8	4.7	12.8	0.063
Owen Cobb	#N/A	148	64.2	37.7	84	4.4	100	86.4	104.8	20.3	8.1	38.8	30.1	22.3	8.7	20.4	0.282
Bryce Rainer	#N/A	150	63.7	21.8	75.1	10.1	107.9	92.1	111.6	22	13.3	49.5	24.2	23.2	3.2	13.3	0.08
Jean Carlos Sio	#N/A	385	62.8	28.3	88.9	NaN				11.9	11.9	47.2	21.7	25.2	5.9	26.5	0.493
Matthew Ellis	#N/A	260	61.8	22.7	80.2	NaN				20.8	18.8	50.7	22.7	18	8.7	21.3	0.304
Aroon Escobar	#N/A	317	77.8	27.2	87.4	6.7	104.7	89.2	110.8	16.1	10.1	44.8	22	25.1	8.1	30.5	0.655
Tony Blanco Jr.	#N/A	121	66.5	35.1	67.4	15.6	113.5	93.3	119.8	34.7	11.6	40.6	20.3	32.8	6.3	38.2	0.872
Robert Hipwell	#N/A	425	62.3	22.9	73.4	NaN				31.3	15.8	35.6	40.7	20.4	3.2	33.3	0.728
Cameron Leary	#N/A	424	59.1	28.9	75.7	NaN				23.1	15.6	41.3	29.9	18.1	10.6	38.5	0.877
Jackson Strong	#N/A	320	62.1	22.9	77.1	3.4	99.1	85.6	107	26.9	12.2	31.7	34.4	27.3	6.6	41.6	0.919
Caleb Bartolero	#N/A	185	61.5	41.2	80.3	NaN				20	9.2	50	28.7	11.5	9	24.5	0.423
Rodney Green Jr.	#N/A	148	66.2	31.5	76.2	NaN				20.9	10.8	51.5	31.3	15.2	2	26.1	0.476
Franklin Arias	#N/A	86	66.1	36.5	86.3	NaN				14	7	47	21.2	28.8	3	15.2	0.12
Victor Rodrigues	#N/A	308	55.4	19.1	88.1	NaN				13	19.5	51.3	20.1	21.1	7.5	20.7	0.29
Jacob Friend	#N/A	202	68	20.8	74.3	1.8	102.8	79	107.9	27.7	24.8	35.6	35.6	18.4	10.3	27.7	0.55
Edward Duran	#N/A	292	66.9	27.7	82.6	4.2	101.4	87.6	109.1	21.2	8.9	48.5	24.7	21.6	5.2	14.4	0.104
Oliver Carrillo	#N/A	92	58.6	21.2	75.5	NaN				25	13	38.5	25	23.1	13.5	48	0.975
Brian Sanchez	#N/A	287	72.2	22.7	84.2	5	102.5	88.9	107.2	23	12.5	44.7	28.5	21.8	5	22.2	0.342
Ethan Petry	#N/A	101	71.4	23.9	70.7	NaN				24.8	12.9	54.8	19.4	24.2	1.6	44.4	0.955
Pedro Pineda	#N/A	224	55.4	29.4	77.8	NaN				29	12.1	43.7	29.4	18.3	8.7	21.7	0.327
Maui Ahuna	#N/A	168	71.4	25.1	72.3	NaN				25	11.3	55.4	17.8	25.7	1	11.4	0.037
Justin Gonzales	#N/A	360	71.1	29.7	84.5	NaN				14.4	9.7	56.5	16.8	21.4	5.3	35	0.8
Lyle Miller-Green	#N/A	304	63.8	24.3	73.8	NaN				28.3	17.1	49.4	22.8	24.7	3.2	22.7	0.366
Sam Shaw	#N/A	275	58.8	15.9	84.4	8.8	101.2	87.8	106.8	19.6	16.4	37.2	30.2	23.8	8.7	30.1	0.641
J.R. Freethy	#N/A	196	53.7	16.2	86.7	4.5	102	86.9	106.9	20.9	17.9	43.8	24.1	24.1	8	29.6	0.628
Austin Smith	#N/A	99	77.7	24.8	95.7	0	97.7	83.2	106.1	12.1	12.1	37.7	21.7	24.6	15.9	46.9	0.97
Zach Daudet	#N/A	128	59.1	8.3	84.6	NaN				14.8	19.5	42	19.8	29.6	8.6	12.5	0.061
Sammy Stafura	#N/A	422	72.5	27.1	79.6	7.7	102	87.4	107.6	24.4	15.2	36.8	36.8	19.8	6.6	27	0.518
Gio Cueto	#N/A	110	66.9	32.1	68.8	NaN				27.3	15.5	39.7	19	31	10.3	37.9	0.857
Jakob Christian	#N/A	318	74.1	34.8	70.1	NaN				28.3	10.1	43.9	34.4	20.1	1.6	17.5	0.172
Colin Houck	#N/A	271	71.1	29	79	12.3	104	88.8	108.9	28.4	12.2	35.5	31	25.8	7.7	40.9	0.912
Richard Ramirez	#N/A	172	71	27.2	77.8	8.5	103.5	87.8	108.9	26.2	11	50	27.4	18.9	3.8	12.2	0.058
Ryan Sprock	#N/A	84	69.9	21.5	84.4	2.6	100.7	89.6	104.8	21.4	16.7	54	20	26	0	8.7	0.015
Kellon Lindsey	#N/A	142	51.8	27.5	72.6	NaN				31.7	15.5	48.6	23	20.3	8.1	15.6	0.127
Braden Barry	#N/A	120	60	22.1	87.8	2.8	104	87.3	110.4	25.8	10.8	45.1	22.5	23.9	8.5	15.2	0.12
Ian Lewis	#N/A	167	72.9	26.7	82.2	4.3	104.7	88	112.4	17.4	12	56.5	18.3	18.3	7	31	0.671
Harold Coll	#N/A	488	65.2	34.7	75.9	NaN				24.4	12.7	41.8	29.3	22	6.9	24.4	0.418
Ely Brown	#N/A	117	55.7	21.3	87.8	NaN				14.5	13.7	61.7	13.6	21	3.7	10.7	0.03
Aiden Taurek	#N/A	118	78.1	29.2	85.6	NaN				11.9	8.5	44.7	33	21.3	1.1	17.6	0.177
Jose Cordoba	#N/A	150	71	25.8	84	1	103.5	86.2	109.4	12.7	12.7	48.1	15.1	24.5	12.3	33.3	0.728
Josiah Ragsdale	#N/A	88	57.8	19	93.5	NaN				15.9	18.2	58.5	13.2	26.4	0	9.5	0.022
Axiel Plaz	#N/A	234	70.2	39.5	80.3	12.8	107.3	92	113.9	20.1	9	48.7	24.1	19	8.2	13.2	0.07
Kevyn Castillo	#N/A	193	68.8	32.5	78.9	NaN				20.2	14.5	59.3	12.2	24.4	4.1	31.1	0.674
Avery Owusu-Asiedu	#N/A	218	65.3	28.1	77.8	5.4	107.3	90.3	112.7	23.9	13.8	42	25.2	26	6.9	29.9	0.633
Niko Perez	#N/A	238	65.5	29.6	83	NaN				22.3	13.4	35.1	31.8	20.5	12.6	25.3	0.45
Caleb Ketchup	#N/A	170	62.5	32.7	72.3	NaN				30	14.7	35.9	30.4	23.9	9.8	26	0.471
Dillon Lewis	#N/A	195	74.2	29.1	78.5	13.9	109.3	93.7	113.9	28.2	9.2	40.5	28.1	20.7	10.7	30.5	0.655
Hans Montero	#N/A	332	73.1	25.1	74.3	8.8	102.4	87.8	107.8	33.4	10.5	37.6	28.7	24.7	9	38.9	0.886
Gavin Turley	#N/A	121	66.3	32.9	78.2	NaN				26.4	11.6	32.9	39.7	16.4	11	19.5	0.247
Lamar King Jr.	#N/A	359	73.4	30.4	81.9	NaN				18.9	10.6	40.1	30	22.3	7.7	27.9	0.562
Cristian Santana	#N/A	396	69.5	22.2	83.6	5.9	101.8	84.4	107.4	24.7	19.2	22.1	38.5	21.2	18.3	55.6	0.994
Chase Call	#N/A	124	57.6	18	73.6	NaN				21	16.1	30.7	32	26.7	10.7	36.4	0.833
Maxton Martin	#N/A	458	72.4	38.1	73.5	NaN				22.1	9.8	42.1	26.3	23.7	7.9	28.3	0.583
Carlos Jimenez	#N/A	491	71.2	30.2	72.8	NaN				23.6	12.2	39.5	34.3	20.9	5.2	34.9	0.793
Tommy Hopfe	#N/A	295	59.7	36.9	81	NaN				15.6	10.2	50	22.7	20.7	6.6	33.7	0.745
Enmanuel Tejeda	#N/A	145	75	19.5	87.2	3.1	100.3	87.3	110	11.7	17.9	48	25.5	21.4	5.1	19.6	0.249
Anthony Huezo	#N/A	91	66.7	30.8	76.8	NaN				26.4	8.8	50.8	20.3	22	6.8	56	0.996
Nick Rodriguez	#N/A	109	63.4	32.6	82.5	NaN				13.8	15.6	53.9	14.5	25	6.6	13.3	0.08
Jesús Made	#N/A	379	60.8	24.2	82.5	NaN				20.6	14	48.2	21.6	23.7	6.5	26.1	0.476
Ryan McCrystal	#N/A	265	83.2	34.9	77.1	6.1	100.9	86.7	105.3	18.1	7.5	32.8	32.8	28.1	6.3	20.5	0.285
Josh Kross	#N/A	183	73.9	36.7	77.2	8.5	103.9	88.2	110.6	26.2	5.5	32.2	33.1	20.3	14.4	44.4	0.955
Franyerber Montilla	#N/A	300	69.3	28.2	77.5	5.2	103.2	87.9	109.5	24.7	12.7	35.3	22.8	32.6	9.2	23.5	0.392
Vincent Perozo	#N/A	223	67.7	31.7	78.9	9.6	105.5	87.9	109.3	18.8	11.2	43.1	24.3	25.7	6.9	30.6	0.659
Jesus Hernandez	#N/A	168	66	20.9	79.1	6.9	100.7	86	104.7	25	11.3	29.8	37.5	24	8.7	42.2	0.925
Tyson Lewis	#N/A	143	84.7	39.4	67.3	8.1	105.6	92	112.3	35.7	9.8	39.5	26.3	30.3	3.9	18.6	0.211
Ramon Ramirez	#N/A	310	69.1	30.5	84.4	NaN				21	11.6	39.8	29.4	19.9	10.9	29.3	0.616
Dervy Ventura	#N/A	435	63.9	27.7	82.5	NaN				21.8	14.7	44.9	27	23	4.7	37.2	0.851
Alexis Hernandez	#N/A	204	61.6	31.4	83.3	4.8	103.3	85.4	108.3	23	12.7	46	23	23	7.9	24.1	0.409
Corey Collins	#N/A	106	57.4	18.5	82.1	5.6	101.8	84.6	104.8	21.7	26.4	33.3	37.3	15.7	13.7	40.7	0.91
Carter Dorighi	#N/A	351	62	27.7	86.9	NaN				19.4	9.7	55.5	19.7	22.7	2.1	18.8	0.222
Jaron Elkins	#N/A	516	71.8	35.7	71	NaN				29.7	8.7	37.3	30.3	25.7	6.7	28.6	0.592
Johnfrank Salazar	#N/A	100	71.2	26.8	83.8	0	99.5	86.5	103.2	13	14	52.9	7.1	25.7	14.3	17.4	0.166
Hector Osorio	#N/A	358	66.3	29.2	88.4	NaN				12	15.4	33.7	28.5	28	9.8	34.5	0.776
Patrick Lee	#N/A	109	65.1	21.7	73.2	14	106.2	91.2	112	34.9	14.7	52.8	18.9	28.3	0	24	0.407
Tyler Wilson	#N/A	315	64.9	24.1	83.3	7	103.3	87.9	110.1	21.6	13	43.3	21.7	26.6	8.4	25.5	0.456
Kasen Wells	#N/A	228	60.4	20.2	84.3	NaN				17.5	12.3	53.9	18.2	20.8	7.1	16.7	0.142
Samuel Munoz	#N/A	451	52.5	21.8	79.4	NaN				22.2	14	42.3	30.3	18.7	8.8	38.1	0.862
Davis Diaz	#N/A	190	48.3	26.8	89.1	NaN				14.7	15.3	44.9	25.2	18.1	11.8	32.7	0.719
Cesar Quintas	#N/A	349	67.5	30.7	80.1	NaN				22.3	8.3	43.9	26.6	17.8	11.7	35.8	0.817
Calvin Harris	#N/A	137	63.6	27.6	69.6	NaN				21.9	10.2	56	20.9	19.8	3.3	35.1	0.802
Nathan Flewelling	#N/A	439	58	18.7	76	NaN				27.6	20.3	42.2	24.7	29.1	4	31.7	0.693
Antonis Macias	#N/A	402	58	23.6	86.2	NaN				16.7	17.7	49.2	23.6	23.6	3.5	26.2	0.481
Kevin Bruggeman	#N/A	351	56.1	29.5	83.2	NaN				17.9	17.1	46.3	25.5	18.1	10.2	16	0.134
Jose Astudillo	#N/A	78	78.8	34.6	85.4	NaN				12.8	6.4	46.8	22.6	24.2	6.5	34.5	0.776
Owen Ayers	#N/A	274	71.1	23.8	78.7	NaN				23	11.3	39	30.2	22.7	8.1	41.8	0.922
Jancel Villarroel	#N/A	375	70.8	29.4	85.9	NaN				17.1	11.2	42.7	24.7	25.1	7.1	26.8	0.504
Eric Bitonti	#N/A	504	70.4	26.2	73.7	NaN				33.5	12.7	32.2	40.2	19.7	8	39.2	0.893
Zach Evans	#N/A	432	66.4	26.7	83.2	NaN				15.5	9.7	42.3	23.7	26.8	7.3	23.8	0.404
Woody Hadeen	#N/A	293	64	18.3	85	1.1	96.1	84	101.7	18.4	11.9	38	31	25	6	35.9	0.824
Cam Clayton	#N/A	268	61.3	22.7	85.3	4.3	98.7	84.6	106	17.9	13.4	38.8	24.2	23.6	13.5	22.4	0.358
Chase Harlan	#N/A	118	60.4	25.6	72.7	NaN				25.4	14.4	55.7	27.1	7.1	10	16.7	0.142
JD Dix	#N/A	225	54.7	28.8	79.7	NaN				20.9	16.9	45.6	31.6	21.3	1.5	18.1	0.196
Yonatan Henriquez	#N/A	406	77.8	28.6	81	4.2	102.4	89.5	108	17.7	12.6	45.7	25.9	20.9	7.4	25	0.433
Jorgelys Mota	#N/A	331	75.7	34.6	70.5	NaN				30.5	7.9	53.3	20.5	21	5.1	32.1	0.703
Jacob Jenkins-Cowart	#N/A	106	75.6	26.8	72.9	3.6	100.6	88.3	105.8	23.6	12.3	52.3	23.1	18.5	6.2	22.2	0.342
Kaden Hollow	#N/A	294	61.4	19.9	85.4	NaN				16.3	16.3	31.8	37.4	23.6	7.2	11.8	0.048
Esteban Mejia	#N/A	252	66.5	30.4	88.8	NaN				16.7	12.3	48.3	21.6	23.3	6.8	19	0.227
Tanner Thach	#N/A	75	65.5	41.1	75.8	NaN				25.3	9.3	50	23.9	17.4	8.7	36.8	0.845
Yeremy Cabrera	#N/A	451	64.6	33.6	80.5	NaN				19.1	11.5	40.1	24.4	24.1	11.4	35.2	0.803
Jason Schiavone	#N/A	268	53.9	15.3	67.5	NaN				36.6	21.6	35.1	33	24.7	7.2	25	0.433
Dante Nori	#N/A	506	72.3	23.4	88.5	1.7	100.6	86	109.2	14.8	13	44.5	24.6	28.6	2.2	21.1	0.297
Braylon Payne	#N/A	338	65.3	24.7	70.4	NaN				29.6	15.4	51.6	25.3	15.6	7.5	34.2	0.759
Jared Sprague-Lott	#N/A	332	54.3	21.9	82.4	NaN				17.2	19.6	46.3	30	14.8	8.9	26.4	0.49
Eduardo Tait	#N/A	332	74.4	38.2	83.1	8.7	105.9	89.5	113.8	19.3	9	40.6	24.8	23.5	11.1	34.5	0.776
Arnaldo Lantigua	#N/A	126	67.9	33.5	79.9	2.1	102.3	86.6	107.5	26.2	6.3	43.4	19.3	26.5	10.8	31.6	0.691
Fernando Gonzalez	#N/A	114	67.9	25.8	88	NaN				19.3	12.3	35.1	33.8	17.6	13.5	23.7	0.402
Cesar Hernandez	#N/A	276	67.5	29	77.2	NaN				20.3	13	46.6	22.2	23.9	7.4	34.6	0.786
Raider Tello	#N/A	398	65.6	31.6	81.5	4.9	102	88.7	108.8	23.4	8	47.2	23	28.3	1.5	11.8	0.048
Walker Martin	#N/A	479	64.3	28.4	73.4	NaN				28.4	14.2	44.8	30.2	21.3	3.7	26.8	0.504
Bennett Thompson	#N/A	303	63.6	21.9	89.2	NaN				13.5	12.5	38.4	25.9	21.8	13.9	47.6	0.972
Skylar King	#N/A	97	63.2	33.2	86.7	NaN				18.6	6.2	53	19.7	22.7	4.5	21.4	0.309
Yassel Soler	#N/A	402	59.3	36.8	78.2	NaN				22.1	10.4	48.2	23.3	17.5	10.9	38.1	0.862
Javier Mogollon	#N/A	224	68.1	26.8	78	NaN				25	13.4	38.6	32.6	19.7	9.1	43.5	0.948
Mason Neville	#N/A	87	66.5	25.5	69.2	10.7	102.7	88.6	107.9	34.5	10.3	28.3	28.3	28.3	15.2	38.5	0.877
Matt Halbach	#N/A	431	66.5	24.3	80.5	NaN				20.9	10.9	42.3	22.2	22.2	13.3	40.3	0.903
Brailer Guerrero	#N/A	217	65.9	28.6	75.1	NaN				28.6	10.6	54.3	20.2	23.3	2.3	30.4	0.652
Carlos Virahonda	#N/A	148	56.8	36.8	75.4	NaN				21.6	8.1	43.8	22.9	21.9	11.5	30.2	0.643
Derlin Figueroa	#N/A	269	77	32.4	78.5	NaN				14.9	11.2	40.8	29.1	21.4	8.7	31.3	0.679
Juan Matheus	#N/A	394	72.9	24.6	85.3	3.2	102.3	89.3	109.8	18.8	12.2	41.6	28.6	23	6.7	28.8	0.598
Kendry Chirinos	#N/A	384	72.6	29.6	78.3	6.2	104.7	88	109.6	25.3	12.8	53.5	20	22.6	3.9	13.3	0.08
Felnin Celesten	#N/A	425	70	33.3	81.6	NaN				22.6	8.7	45.7	23.5	23.2	7.6	25.9	0.468
John Gil	#N/A	458	67.4	22.7	85.4	NaN				13.8	12.4	48.2	23.4	16.5	12	26.3	0.487
Keduar Trujillo	#N/A	118	64.4	24.2	65.5	NaN				28	15.3	41.5	29.2	16.9	12.3	36.7	0.843
PJ Morlando	#N/A	234	60.5	21.9	77.6	4.3	102.2	85.2	109	26.5	15.4	50.8	19.2	25.4	4.6	31	0.671
Blake Wright	#N/A	290	60.4	35.8	85.2	NaN				14.1	10.7	46.5	24.2	21.9	7.4	33.3	0.728
Dub Gleed	#N/A	127	60.1	20.3	80.8	1.5	99.2	85.5	108.2	18.9	15	41.6	18.2	22.1	18.2	48.4	0.981
Robert Calaz	#N/A	425	71	39.2	73.5	NaN				25.9	8.7	50.4	26.3	15.8	7.5	21.4	0.309
Rafe Perich	#N/A	253	57	29	84.5	NaN				20.6	13.8	47.2	29.8	21.1	1.9	32.9	0.724
Trent Youngblood	#N/A	350	51.3	27.2	84.3	NaN				16	17.4	42.7	33.2	19.4	4.7	18	0.194
Cristhian Vaquero	#N/A	445	80.8	31.3	68.4	NaN				24.7	10.3	36.7	30.2	20.5	12.6	39	0.891
Stephen Hrustich	#N/A	254	70.2	23.6	82	2.5	101.4	86.4	106.1	20.5	13	37.7	26.4	23.9	11.9	20	0.254
Wilson Rodriguez	#N/A	117	63.4	21.5	83.7	2.6	102.8	88.1	107.2	19.7	12.8	44.2	35.1	15.6	5.2	30.8	0.66
Bobby Boser	#N/A	141	58.3	29.9	68.8	NaN				28.4	15.6	47.9	28.2	14.1	9.9	13.3	0.08
Camden Janik	#N/A	150	56.6	29.5	82.3	0	96.1	78.7	106.6	16.7	14	53.5	11.9	26.7	7.9	25.6	0.459
Carlos Sanchez	#N/A	205	73.4	25.2	80.7	1.7	100.5	88.8	108.1	24.4	13.2	36.2	21.3	29.9	12.6	33.8	0.748
Tucker Toman	#N/A	371	71.6	28.1	81.3	4.7	102.2	88.1	108.7	24.5	9.7	41.7	23	27.7	7.7	25.2	0.449
Jordan Sprinkle	#N/A	265	70.2	25	87.5	NaN				18.1	17.4	47.9	20	24.8	7.3	12.2	0.058
Angel Cepeda	#N/A	428	67	26.3	73.5	NaN				31.8	9.1	46.9	24.5	24.1	4.6	15.4	0.123
Caden Powell	#N/A	343	64.1	26.7	67.1	NaN				29.7	12	43.5	24.4	24.9	7.3	29.5	0.621
Drew Davies	#N/A	183	63.7	21.1	81.5	1.9	100.2	84.3	104.7	20.8	18	40.9	27.3	19.1	12.7	25.5	0.456
Cole Mathis	#N/A	124	54.3	19.4	80.3	NaN				22.6	12.9	33.8	18.2	27.3	20.8	34.3	0.769
Angel Mateo	#N/A	389	76.8	27.4	81.9	NaN				18.3	7.2	45	24.8	20.9	9.2	29.5	0.621
Esmil Valencia	#N/A	440	71.8	39.4	78.4	6.1	103.3	85.6	112	22	6.8	42.2	21.8	24.1	11.9	30.2	0.643
Roynier Hernandez	#N/A	320	61.4	35.7	89.7	NaN				15.3	9.1	61.1	15.5	21.8	1.7	23.6	0.401
Cam Fisher	#N/A	208	55.9	18.7	74.7	NaN				35.6	17.3	33	28.4	25	13.6	57.4	0.998
Eduardo Guerrero	#N/A	331	52.9	21	81.9	NaN				15.4	19	51.7	28	15.6	4.7	17.4	0.166
Jose Cerice	#N/A	127	80.1	47.4	90.7	NaN				11.8	2.4	52	16.7	22.5	8.8	25	0.433
Marcos Torres	#N/A	303	72.9	34	78.9	NaN				24.4	11.9	51.3	18.7	18.7	11.2	20	0.254
Eric Hartman	#N/A	370	71.2	25.4	78.1	NaN				22.7	10	47.7	23.2	18.6	10.5	50.5	0.991
Esmith Pineda	#N/A	415	74.7	28.3	85.2	1.4	103	86.2	107.4	21	9.2	39	22.4	22.4	16.2	31.5	0.69
Natanael Yuten	#N/A	371	74.3	33.9	76	NaN				25.3	7.5	46.9	22.4	26.6	4.1	28	0.567
Luis Guevara	#N/A	92	71.3	25.8	80.6	NaN				19.6	14.1	63.6	10.9	20	5.5	0	0
Brenner Cox	#N/A	109	64.6	16.9	66	NaN				31.2	14.7	51.8	33.9	12.5	1.8	42.3	0.927
Connor Dykstra	#N/A	233	62.8	32.6	80.4	NaN				27.5	9.4	33.9	34.7	18.2	13.2	40.6	0.908
Christian Olivo	#N/A	344	61.5	26.9	87.9	NaN				18.3	13.1	34.2	28.4	22.7	14.7	30.4	0.652
Modeifi Marte	#N/A	240	59.1	32	84.4	NaN				17.5	10	46.5	25.3	22.4	5.9	22.2	0.342
AJ Salgado	#N/A	79	74.6	26.6	82.5	5.9	105.2	89.3	108.9	21.5	11.4	38.5	26.9	26.9	7.7	21.4	0.309
Jose Meza	#N/A	527	64.8	26.2	75	NaN				23.5	15.2	43.5	30.7	17.3	8.5	17.7	0.187
Alexander Benua	#N/A	207	62.1	36.6	71.6	NaN				25.6	11.1	43.5	16.9	25.8	13.7	32.1	0.703
Andres Valor	#N/A	463	75	27.1	80.1	3	102.2	85.2	109.9	28.9	11	34.6	24.7	26.2	14.4	35.8	0.817
Wyatt Sanford	#N/A	196	70.4	28.6	83.3	5.5	101.5	81.5	106.6	19.9	9.7	49.2	25	18	7.8	34.5	0.776
Junior Tilien	#N/A	175	70.3	29.2	85.9	2.5	103	89.3	108.4	18.9	9.1	45.6	18.4	28.8	7.2	27.1	0.523
Nick Roselli	#N/A	209	69.8	25.9	80	7.5	105	85.9	111.2	26.3	10	48.4	25.8	18.8	7	28.1	0.569
Tyler Rodriguez	#N/A	344	68	19.7	81.3	NaN				15.7	17.2	44.6	19.2	23.5	12.7	45.1	0.962
John Spikerman	#N/A	115	63.6	18.4	75.5	4.8	100.4	88	107.2	32.2	9.6	39.1	35.9	20.3	4.7	22.2	0.342
Derek Berg	#N/A	202	62.5	24.7	73.5	8.2	106.8	91.6	111.1	33.7	14.9	46.5	27.3	20.2	6.1	23.4	0.39
Jorge Ruiz	#N/A	550	62.4	41.8	84.7	NaN				16.7	8.5	56.2	17.9	18.9	7	31.1	0.674
Jose Ramos	#N/A	130	56.7	19.5	78.7	NaN				22.3	16.9	34.6	21.8	24.4	19.2	50	0.987
Ricardo Hurtado	#N/A	339	72.5	30.8	78.8	5.8	103.6	88.7	106.9	26.8	8	32.5	30.2	29.2	8	38.1	0.862
Dylan Grego	#N/A	133	70.2	30.8	77.1	NaN				22.6	9.8	53.9	24.7	13.5	7.9	23.5	0.392
Lisbel Diaz	#N/A	557	69.4	37.2	83.8	NaN				18.7	5.7	45.9	22.1	18.9	13.1	34.9	0.793
Jose Escobar	#N/A	461	69.2	25.6	81.2	NaN				20.8	10.2	48.2	19.4	27.5	4.9	26.9	0.512
Victor Ortega	#N/A	252	59.3	16.1	92.3	0.7	98.2	85.9	101.3	19.8	14.3	41.9	29.4	25.6	3.1	19.3	0.242
Ricardo Cova	#N/A	379	78.4	44.9	85.5	NaN				19.8	5	50.9	24.7	16.7	7.6	20.2	0.278
Ryan Cesarini	#N/A	317	70.2	16	84.5	NaN				13.2	13.9	36.8	29.1	24.1	10	34.2	0.759
Anyelo Encarnacion	#N/A	298	61.3	25.7	76.6	4.3	106.3	89.7	111.2	30.5	16.4	50.3	17	25.5	7.2	29.2	0.607
Isaiah Drake	#N/A	366	73.1	30.9	78.2	NaN				22.4	10.7	42.7	32	17.8	7.5	15.8	0.129
Abrahan Ramirez	#N/A	407	66.7	16.6	81.4	0.5	97.7	85.5	110	21.1	16.7	49.8	22.9	24.1	3.3	14.8	0.108
Diosfran Cabeza	#N/A	156	66.4	34	78.9	NaN				18.6	11.5	60	17.1	16.2	6.7	25.7	0.464
Cade McGee	#N/A	336	64.6	24.7	85.7	4.2	100.3	85.3	105.9	22.6	13.7	35.4	28.6	23.8	12.1	35.2	0.803
Douglas Glod	#N/A	326	62.9	23.1	71	NaN				34.7	15	45.2	28.7	21	4.5	16.7	0.142
C.J. Pittaro	#N/A	413	58	26.2	82.9	NaN				20.6	12.6	57.9	18.4	20.7	3	18.3	0.204
Ty Southisene	#N/A	389	56.5	24	87.6	NaN				14.7	15.9	60.5	12.3	24.5	2.8	5.4	0.005
Starlyn Nunez	#N/A	442	78.8	43.4	83.3	NaN				20.4	6.1	42.1	24.7	24.1	9.2	37.7	0.855
Austin St. Laurent	#N/A	518	69.9	29.2	82.1	NaN				18.5	12.9	56.3	17.5	20.4	5.7	19.7	0.251
Andruw Musett	#N/A	322	62.8	27.9	79.6	NaN				23.3	10.6	36.2	25.7	29.5	8.6	28.4	0.585
Wilder Dalis	#N/A	134	60.8	28.9	78	NaN				19.4	11.9	48.4	29.7	17.6	4.4	23.3	0.383
Maddox Latta	#N/A	95	60.5	22.7	87.5	1.6	100.3	85.6	106.4	23.2	8.4	54.7	14.1	29.7	1.6	10.7	0.03
Wooyeoul Shin	#N/A	202	57	18.8	82	NaN				16.8	12.9	40.7	29.6	20.7	8.9	35.3	0.808
Luke Davis	#N/A	114	55.2	14.1	85.5	4.2	99.4	89.2	103.1	20.2	21.9	36.5	39.7	19	4.8	21.6	0.32
Kavares Tears	#N/A	476	70.9	29	67.5	NaN				29	12.2	46.8	27	24.1	2.2	23.2	0.376
Christian Martin	#N/A	340	64.9	25.7	88.8	0.9	99.1	83	108.2	16.5	11.2	44.1	24.4	23.5	8	28.1	0.569
Wady Mendez	#N/A	129	63	38.9	71.4	NaN				24.8	10.9	46.9	21	25.9	6.2	39.5	0.896
Max Holy	#N/A	282	49.2	13.1	73.7	NaN				29.4	17	47.6	19.3	25.5	6.9	16.9	0.156
Leonel Espinoza	#N/A	408	74.9	30.3	80.7	NaN				22.1	7.6	43.8	28.3	21.6	6.4	29.1	0.605
Daiverson Gutierrez	#N/A	398	74.1	30.3	86.5	2.1	100.5	85.6	105.7	14.6	13.3	44.3	21.2	24.2	10.3	25	0.433
Jeremiah Jenkins	#N/A	217	71.7	31.3	77	NaN				17.5	11.1	43.3	26.7	18.7	11.3	26.5	0.493
Griffin Burkholder	#N/A	83	69.2	27.7	71.1	13.3	105.4	86.1	107.4	30.1	8.4	42.2	22.2	26.7	8.9	22.7	0.366
Kyle Walker	#N/A	97	63.6	23	91.8	NaN				15.5	12.4	45.3	21.9	20.3	12.5	14.8	0.108
Lizandro Rodriguez	#N/A	111	62.4	25.8	84.7	4.3	98.3	83.2	103.6	20.7	14.4	36.6	29.6	21.1	12.7	41.7	0.92
Nick Mitchell	#N/A	174	62.3	19.9	93.7	NaN				12.1	13.8	54.1	18	23.8	4.1	7.8	0.01
Ryan Wilson	#N/A	350	63.9	21.5	86.8	NaN				15.4	13.4	39.8	29.7	21.2	9.3	29.2	0.607
Brady Day	#N/A	271	60.3	23.5	92.2	1	100.4	85.2	105.2	13.3	11.8	41.8	21.9	29.9	6.5	26	0.471
Colin Tuft	#N/A	208	63.7	16.6	73.2	NaN				27.9	17.8	43	25.2	21.5	10.3	26	0.471
Cobb Hightower	#N/A	283	63.2	29	83	NaN				18.4	13.4	54.5	19	17.5	9	13	0.068
Ruben Santana	#N/A	367	67.1	36.7	65.5	NaN				26.7	10.6	45	29.1	18.2	7.7	21.2	0.302
Ryan Burrowes	#N/A	300	66.8	31	81.1	NaN				25.3	9	50.8	24.1	22.5	2.7	11.5	0.041
Peyton Powell	#N/A	211	63.3	21.5	78.1	2.5	98.1	85.1	109.9	26.1	15.6	48.8	24.8	19.8	6.6	22.2	0.342
Braylin Tavera	#N/A	441	55.4	19.4	76.5	NaN				30.4	13.2	37.2	28.9	25.1	8.8	31.8	0.698
Ronny Hernandez	#N/A	356	71.5	29.7	81.6	NaN				21.1	12.6	43.4	30.6	22.6	3.4	26.4	0.49
Yordany De Los Santos	#N/A	514	70.9	38.2	78	7.2	103.4	84.1	108.4	26.7	7.8	48.6	25.4	19.9	6	18.7	0.218
Chandler Pollard	#N/A	236	68.9	37.2	86.6	NaN				22.5	6.8	43.5	20.1	26	10.4	22.5	0.361
Ian Farrow	#N/A	184	65.7	28.3	77.6	6.8	103.4	87.1	107.6	33.2	9.8	35	28.2	24.3	12.6	29.6	0.628
Hayden Friese	#N/A	87	54.1	14.8	86	NaN				26.4	19.5	56.5	10.9	26.1	6.5	17.6	0.177
Jakey Josepha	#N/A	272	53.3	32.7	77	NaN				24.6	12.5	55.4	21.1	18.1	5.4	30.8	0.66
Carter Graham	#N/A	180	72.9	33.2	85.6	5.3	103.6	85.7	107.1	22.8	8.9	41.2	25.2	22.7	10.9	19.3	0.242
Bernard Moon	#N/A	450	70.4	31.5	84.7	2.7	99.7	83	104.8	19.6	8.7	47.7	24.7	19.8	7.8	28.5	0.59
Juneiker Caceres	#N/A	131	68	34.3	85.6	NaN				13	6.9	44.4	21.2	26.3	8.1	40.4	0.905
Mikey Kane	#N/A	220	66.8	29.4	87.8	NaN				11.8	13.2	44.2	28.8	15.4	11.5	23.2	0.376
Sammy Hernandez	#N/A	361	66.6	29.2	85.1	0.5	98.4	83.3	107.1	18.6	12.7	40.1	22	24.1	13.8	41.1	0.915
Yahil Melendez	#N/A	209	66.2	23	64.6	NaN				35.9	14.4	41.1	23.2	32.6	3.2	24.5	0.423
Jean Joseph	#N/A	320	77.9	35	76.8	4.5	101.7	86.3	109.3	18.8	5.9	47.6	19.6	22.7	10.2	29.5	0.621
Gabriel Silva	#N/A	78	66.9	37.4	70.8	NaN				38.5	6.4	41	28.2	23.1	7.7	60	1
Asbel Gonzalez	#N/A	508	72.7	26.8	83.7	NaN				16.9	10.6	52.1	15.5	22	10.4	19.8	0.253
Samuel Gil	#N/A	357	72.6	23.1	85.6	1.2	100.5	86.4	108.8	13.4	13.7	49.2	20.9	24	5.9	13.2	0.07
Chris Arroyo	#N/A	76	65.5	24.4	77.9	4.2	106	90.9	109.1	21.1	10.5	51	22.4	22.4	4.1	27.3	0.535
Yoander Rivero	#N/A	159	62.9	21	78.3	NaN				23.9	17	50	20	21.1	8.9	32.4	0.712
Yosander Asencio	#N/A	228	67.6	21.5	60.7	NaN				39.9	18	37.6	32.3	23.7	6.5	42.3	0.927
Narciso Polanco	#N/A	521	65.8	20.1	88.6	NaN				15.7	13.8	47.8	22.6	22.6	7	27.8	0.554
Kevin Fitzer	#N/A	469	63.1	38.5	82.2	NaN				20.9	8.5	39.6	33.2	19.5	7.7	17	0.16
B.Y. Choi	#N/A	239	60.4	26.8	77	NaN				25.9	12.1	37.3	33.1	20.4	9.2	13.2	0.07
Luis Pino	#N/A	411	58.6	24.9	79.6	8.3	106.4	87.8	112.9	30.9	12.9	35.9	32.3	22.1	9.7	26.3	0.487
Owen Carey	#N/A	523	68.9	35.1	87	NaN				15.7	7.3	50.4	21.4	19.9	8.3	28.8	0.598
Brock Tibbitts	#N/A	174	65	25.7	82	5.3	102	86.3	110.4	29.3	11.5	44.2	20	24.2	11.6	38.1	0.862
Bryce Madron	#N/A	156	55.7	16.2	72.5	0	98	85.1	100.9	23.1	23.1	44.4	32.1	22.2	1.2	34.1	0.753
Johan Macias	#N/A	472	75.9	40.9	82.8	NaN				14.2	8.1	48.5	23	16.8	11.5	23.9	0.406
Angel Diaz	#N/A	147	71.8	28.3	71.3	NaN				27.9	10.2	36.7	32.2	28.9	2.2	21.8	0.332
Miguel Santos	#N/A	290	70.7	30.4	84.3	NaN				16.9	8.3	51.4	22.1	15.9	10.6	25.3	0.45
Engelth Urena	#N/A	401	68.5	28.4	83.2	0.8	97.4	83.5	106	19.2	13.2	34.9	27.2	22.2	15.7	42.6	0.936
Alberto Mendez	#N/A	167	67.1	28	79.3	NaN				19.8	10.8	36.8	24.6	21.9	16.7	35.8	0.817
Luis Lameda	#N/A	285	66.5	19.3	83.6	NaN				17.2	19.3	47.5	20.7	22.3	9.5	24.7	0.43
Ching-Hsien Ko	#N/A	135	59.5	25.3	84	NaN				23	15.6	42.5	31.3	25	1.3	20	0.254
Elijah Nunez	#N/A	145	53.5	16.1	83.9	NaN				25.5	17.2	54.3	16	24.7	4.9	18.2	0.197
Cole Urman	#N/A	132	53.3	23.2	76.4	NaN				33.3	12.9	41.4	32.9	21.4	4.3	39.5	0.896
Jose Caguana	#N/A	283	70.4	34.4	77	NaN				23.7	9.9	42.7	28.1	18.4	10.8	26.7	0.499
Ryan McCoy	#N/A	77	70.2	23	75.5	NaN				37.7	9.1	36.1	27.8	33.3	2.8	27.3	0.535
Bryce Martin-Grudzielanek	#N/A	82	69	24.1	82.6	1.7	103.8	89.7	107.8	17.1	7.3	53.3	21.7	23.3	1.7	14.8	0.108
Anthony DePino	#N/A	123	63.6	22.8	82.3	NaN				22.8	16.3	50	23.6	19.4	6.9	12.9	0.067
Peyton Carr	#N/A	307	61.6	21.2	86.7	4.8	100.1	86.4	105.6	20.5	11.4	42.2	30.2	22.1	5.5	30.8	0.66
Arxy Hernandez	#N/A	146	57.6	24.4	85	NaN				22.6	15.1	50.6	20.7	21.8	6.9	18.9	0.225
Luis Guanipa	#N/A	117	78.6	30.6	92.6	NaN				11.1	7.7	46.8	23.4	21.3	8.5	16.7	0.142
Filippo Di Turi	#N/A	478	77.1	23	73	NaN				26.4	14	35.6	32.7	19.6	12.1	34.7	0.79
Elis Cuevas	#N/A	211	71.6	25.4	79.6	NaN				18.5	11.4	43.3	27	16.3	13.5	32.8	0.722
Jhonny Level	#N/A	143	64.2	33.3	84	NaN				21	11.2	56.4	25.5	11.7	6.4	37.1	0.85
Ben Hartl	#N/A	266	63.2	24.8	81.5	NaN				22.2	9	44.6	22.3	23.6	9.6	27.8	0.554
Tom Poole	#N/A	82	50	20.1	76.3	NaN				36.6	12.2	42.1	23.7	28.9	5.3	25	0.433
George Wolkow	#N/A	491	72.2	32.4	70.2	NaN				29.3	10.8	41.2	31	19	8.5	31.7	0.693
Raylin Ramos	#N/A	394	70.6	33.4	78.2	NaN				25.1	7.6	47.1	19.8	24.5	8.6	27.2	0.533
Stone Russell	#N/A	455	67.9	31	79.7	NaN				18.2	12.7	52	22	16.4	9.2	13.7	0.094
Francesco Barbieri	#N/A	98	61.4	18	72.4	NaN				37.8	17.3	48.8	32.6	16.3	2.3	19	0.227
Jeffrey Mercedes	#N/A	310	76	34.2	85.9	NaN				19	9.7	38.3	28	24.8	8.9	49.6	0.986
Luis Almeyda	#N/A	204	67.6	30	80.6	NaN				25.5	8.8	45	22.1	23.7	9.2	30	0.635
Dillon Head	#N/A	426	63.7	25.4	87.2	1.2	103.4	84.1	110	19	13.6	47.2	19.5	21.3	12.1	27	0.518
Michael Brooks	#N/A	99	58.9	18	88.8	NaN				18.2	22.2	42.4	30.5	16.9	10.2	17.9	0.192
Roderick Arias	#N/A	461	79	27.5	74.3	6.2	102.8	88.8	108.2	28.6	13.9	45.4	25	25	4.6	29.2	0.607
Edgleen Perez	#N/A	455	67.2	16	84.9	3.1	100.3	87.7	105.3	18.5	18.5	50.4	24.3	21.7	3.6	8.7	0.015
Carter Mathison	#N/A	268	65.6	24.9	75.6	11.6	101.9	87.5	108.4	34.7	11.9	38.2	30.9	22.1	8.8	43.1	0.944
Yolfran Castillo	#N/A	117	64.9	30.4	87.4	NaN				12.8	7.7	42.2	23.3	25.6	8.9	11.4	0.037
Kodey Shojinaga	#N/A	283	62.8	25.6	89.1	0	99.9	86.4	108.3	16.3	13.8	46.2	19	32.3	2.6	11	0.034
Connor Hujsak	#N/A	422	72.5	33.6	78	NaN				28.7	7.8	42.8	26.5	20.1	10.6	29.3	0.616
Hyungchan Um	#N/A	260	69.7	25.5	76.5	NaN				20.4	11.9	42.5	25.1	21.6	10.8	26.9	0.512
Demetrio Nadal	#N/A	171	69	23.5	78.1	NaN				21.6	15.8	42.6	22.8	22.8	11.9	21.7	0.327
Jose Suarez	660761	366	67.1	30.4	79.4	4.1	106.5	89.6	112	27	8.2	59.3	13.3	23	4.4	13.4	0.089
Jackson Nicklaus	#N/A	212	64.4	21.3	61.5	NaN				37.3	17.9	47.3	33	12.1	7.7	34.1	0.753
Yoeilin Cespedes	#N/A	473	73.9	32.7	78.6	NaN				20.9	8.5	33.6	27.3	25.5	13.5	49.4	0.984
Manuel Beltre	#N/A	428	71.5	31.5	86.5	1.7	99.6	83.1	105	17.8	10.3	42.9	21.5	25.4	10.2	42.3	0.927
Logun Clark	#N/A	219	70	22.6	73.1	NaN				31.5	13.2	47.3	19.6	23.2	9.8	27.1	0.523
Elijah Green	#N/A	113	68.7	31.9	68.3	NaN				34.5	8	51.6	28.1	12.5	7.8	11.5	0.041
Bryan Andrade	#N/A	153	66.4	32.7	82.9	NaN				18.3	13.7	46.1	22.5	23.5	7.8	12.8	0.063
Hector Salas	#N/A	135	56.3	18.3	77.7	NaN				24.4	13.3	61.3	15	18.8	5	22.2	0.342
Willy Montero	#N/A	181	82.4	32.7	79.1	2.4	103.3	85.7	108.8	22.7	7.7	44.8	18.4	25.6	11.2	27.3	0.535
Mitch Voit	#N/A	93	77.6	29.3	83.1	1.7	103	88.1	107	23.7	11.8	49.2	27.1	22	1.7	24.1	0.409
Kyle Henley	#N/A	421	76.1	40	81.6	0	101.4	81.1	106.9	31.6	6.9	66.3	14.1	16.9	2.8	11.7	0.046
Yordalin Pena	#N/A	413	73.8	35.1	79	4.6	103.5	86.9	109.7	26.2	8.5	40.4	21.9	26	11.7	26.8	0.504
Mairoshendrick Martinus	#N/A	389	71.4	34.5	71.9	NaN				27	9	40.8	35.5	21.2	2.4	22.3	0.354
Colin Summerhill	#N/A	339	58.8	34.4	79.5	NaN				24.5	12.7	36.7	37.2	16.9	9.2	27.7	0.55
Sergio Tapia	#N/A	151	75	33.7	85	2.6	102.2	84.8	108	13.9	6	36.8	20.5	28.2	14.5	43.9	0.951
Alexey Lumpuy	#N/A	427	74.8	35.2	70.4	NaN				35.4	7.7	45.6	24.1	20.6	9.6	48	0.975
Luis Marquez	#N/A	196	70.5	39.3	82	NaN				20.4	8.7	50.4	21.8	21.1	6.8	24.6	0.426
Ali Camarillo	#N/A	354	64.6	31.2	83.4	NaN				17.5	9	45.1	28.6	18	8.2	16.8	0.154
Colby Jones	#N/A	377	57.6	19.1	81.9	NaN				20.7	15.9	53	20	18.3	8.7	10.2	0.027
Myles Naylor	#N/A	348	58.7	27.9	62.9	NaN				39.4	15.2	39.1	30.5	19.2	11.3	21.3	0.304
Ethan Lege	#N/A	238	67.1	28.5	84.4	2.6	103.5	84.9	110.3	20.2	10.9	49.4	18.2	21.4	11	26.2	0.481
Dameury Pena	#N/A	414	72.3	26.2	91.3	1.6	97.5	82.6	108.5	8.9	8.5	47.1	22.2	20.1	10.5	24.8	0.432
Kelvin Hidalgo	#N/A	507	68.4	41	75.8	NaN				24.7	7.3	59.3	17.8	17.2	5.6	11	0.034
Jack Lines	#N/A	119	66.2	23.6	69.8	NaN				30.3	12.6	70.2	14	10.5	5.3	14.3	0.099
Ike Irish	#N/A	76	66	21.7	78.8	NaN				22.4	7.9	53.8	23.1	13.5	9.6	21.1	0.297
Alberto Barriga	#N/A	405	60.4	33.1	76.9	NaN				28.6	12.8	40	23.6	20.9	15.6	44	0.953
Myles Smith	#N/A	102	54.9	23.2	84.2	0	103.9	90.7	107.5	14.7	13.7	66.2	11.8	14.7	7.4	33.3	0.728
Eddy Rodriguez	#N/A	368	74	30.9	77.4	6.5	102.7	84.7	109.2	29.1	12.2	43.1	26.8	23	7.2	35.6	0.812
Antonio Jimenez	#N/A	110	72.2	29.3	86	3.7	102	82.6	106.9	13.6	10.9	52.4	19.5	15.9	12.2	27.6	0.543
Luis Sanchez	#N/A	174	70.1	30	87.6	NaN				13.2	13.8	58.1	15.3	21	5.6	8.9	0.018
Kevin Guerrero	#N/A	276	67.2	29.2	69.8	NaN				29.3	10.9	49.4	21.3	23.2	6.1	19.2	0.235
Luke Dickerson	#N/A	330	66.4	25.5	77.6	NaN				25.5	12.1	41.1	24.8	22.8	11.4	30.2	0.643
Dylan Fien	#N/A	336	66.1	33.1	79.9	NaN				20.5	8	47.4	25.7	19.6	7.4	19.2	0.235
John Wimmer	#N/A	360	65.3	40.2	65.5	NaN				36.1	8.3	46.1	30.6	20.2	3.1	17.3	0.165
Trey Snyder	#N/A	509	61.4	24.7	88.5	1	100.6	85.7	107.7	18.7	13.8	52.7	18.5	22.9	6	15.1	0.118
Yerald Nin	#N/A	452	59.6	33.2	77.2	NaN				22.1	10.4	51.8	20.7	21.7	5.7	22	0.337
Ethan Holliday	#N/A	79	55.6	33	51.2	NaN				41.8	13.9	47.1	35.3	17.6	0	22.2	0.342
JP Smith II	#N/A	101	74.7	40.7	80.9	10.4	102.2	83	106.3	24.8	6.9	27.9	33.8	23.5	14.7	28.2	0.578
Ryan Wideman	#N/A	107	69.8	36	75.6	NaN				28	11.2	69.4	11.3	17.7	1.6	16.7	0.142
D'Angelo Ortiz	#N/A	95	68.6	31.3	81.7	NaN				22.1	10.5	57.8	20.3	20.3	1.6	15.4	0.123
Blaze O'Saben	#N/A	164	66.3	27.9	86.7	2.6	100.8	85.7	108.1	14.6	8.5	54.6	16.8	25.2	3.4	22	0.337
Nathan Humphreys	#N/A	99	64.8	27.7	76.3	4.7	101.7	86.3	107.5	33.3	13.1	50	17.3	28.8	3.8	20.8	0.292
Tyler Pettorini	#N/A	89	64.2	28.9	80.2	1.8	100.1	85.9	102.6	16.9	10.1	45.2	14.5	30.6	9.7	21.4	0.309
Jonathan Linares	#N/A	122	63.5	33.9	74.1	NaN				29.5	9.8	45.1	35.2	16.9	2.8	21.6	0.32
Nick Peoples	#N/A	384	70.6	25.9	65.5	NaN				38.5	10.7	46.3	21.8	23.4	8.5	28.2	0.578
Luis Leones	#N/A	188	70.5	31.9	69.5	0	89.8	66.8	99.1	36.7	12.2	54.7	17.4	16.3	11.6	17.2	0.161
Nathan Archer	#N/A	392	70.3	35.1	67.8	NaN				32.4	11	42.5	29.2	18.3	10	33.7	0.745
Brennon McNair	#N/A	366	69.7	32.1	74.9	NaN				28.7	9.8	34.7	29.2	20.4	15.7	47.7	0.974
Karim Ayubi	#N/A	181	67.9	25.6	66.5	NaN				35.4	8.8	46.4	17.5	28.9	7.2	26.7	0.499
Starlyn Caba	#N/A	232	65.7	20.7	88.5	1.4	99.4	87	104.8	14.7	14.7	47.9	21.5	27.6	3.1	33.8	0.748
Kevin Bazzell	#N/A	335	65	25.8	89.5	NaN				9.6	10.1	52.1	19.5	21.8	6.6	13.2	0.07
Angel Feliz	#N/A	113	75.4	29.2	73.6	NaN				23	10.6	54.7	22.7	20	2.7	18.8	0.222
Juan Castillo	#N/A	249	72.4	36.6	75.8	NaN				20.9	9.6	50.6	22.6	17.9	8.9	19.1	0.232
Joendry Vargas	#N/A	138	71.7	39.7	68	NaN				29.7	8	42.9	29.8	17.9	9.5	17.5	0.172
Nate Rombach	#N/A	233	71.5	27.7	76.7	NaN				19.7	9.4	43.9	26.2	20.7	9.1	36.4	0.833
Edwin Amparo	#N/A	239	70	25	69.2	NaN				29.3	14.2	44.7	31.1	18.2	6.1	24.6	0.426
Welbyn Francisca	#N/A	429	69.9	27.1	85.5	NaN				17	11.9	48.2	21.1	23.4	7.3	26.7	0.499
Joel Mendez	#N/A	212	69	32	76.6	5.8	106.4	87.8	111.8	35.8	10.4	45.9	29.4	17.4	7.3	17.6	0.177
Milo Rushford	#N/A	289	68.2	26	77.4	NaN				29.4	14.9	33.8	35.8	17.9	12.6	33.3	0.728
Caleb McNeely	#N/A	177	60.6	19.9	81.3	6.5	103.8	88.2	109.8	24.3	14.7	50.5	28	17.8	3.7	22.4	0.358
Pablo Guerrero	#N/A	396	66.6	31.9	76.4	NaN				25	11.4	45.4	17.7	24.5	12.4	34.3	0.769
Luis Merejo	#N/A	457	65.3	23	70.2	NaN				32.2	11.8	37.2	31.4	20.7	10.7	34.1	0.753
Jose Alpuria	#N/A	294	61.5	39.8	78	NaN				26.5	10.2	53.3	20.1	20.1	6.5	19.1	0.232
Angel Del Rosario	#N/A	215	71.6	31.1	79.6	0.7	96.1	76.1	102.7	23.7	7.9	46.8	23.4	21.3	8.5	28.6	0.592
Henry Ramos	#N/A	275	70.3	29.8	84.2	NaN				21.1	12.4	58.4	15.2	17.4	9	27.6	0.543
Colton Becker	#N/A	239	63.4	22.8	84.7	NaN				15.5	13	49.1	21.6	21	8.4	26.8	0.504
Alberto Hernandez	#N/A	341	61.4	20.7	88	NaN				16.7	10.6	50.8	23.1	21.9	4.1	26.6	0.497
Eric Snow	#N/A	100	78	30.7	94.5	0	99.6	86.1	109.2	8	5	50.6	15.7	30.1	3.6	10.5	0.029
Jose Pirela	#N/A	359	67.8	29.7	76.8	NaN				32.6	7	31.2	32.2	25.1	11.6	44.7	0.96
Yirer Garcia	#N/A	217	62.2	19.5	88.4	NaN				19.4	12.4	56.3	21.5	19.4	2.8	3.4	0.003
Cody Schrier	#N/A	190	73.8	32.1	79.3	3.6	101.2	86.2	106.1	22.1	6.8	42.1	26.3	18.8	12.8	23.3	0.383
Byron Chourio	#N/A	242	68.4	24.5	86.4	0.7	95.7	80.6	107.9	20.7	16.9	43.5	27.2	20.4	8.8	24.3	0.416
Braylin Morel	#N/A	97	83.6	45.6	76.6	NaN				26.8	5.2	53.8	18.5	20	7.7	36	0.826
Randal Diaz	#N/A	425	71.4	21.7	82.7	NaN				15.1	10.8	47.7	22.4	20.8	9.1	16.5	0.141
Yhoangel Aponte	#N/A	281	68.7	31.1	81.3	4.7	102.7	86.4	110.1	30.2	6.8	45.3	23.3	20.9	10.5	34.2	0.759
Raynerd Ortega	#N/A	96	68	37.1	65	NaN				37.5	6.3	23.5	43.1	21.6	11.8	36.4	0.833
Kleyver Salazar	#N/A	398	67.4	27.7	79.4	NaN				20.1	13.6	46	23	19.5	11.5	22.5	0.361
Carlos Franco	#N/A	251	65	33.9	87.2	NaN				17.1	6	49.5	26.8	16.3	7.4	22	0.337
Simon Juan	#N/A	373	72.5	42.1	77.3	6	105	88	111	29.5	7.5	48.7	22.4	21.5	7.5	27	0.518
Jonathan Mejia	#N/A	324	66.3	25.3	77.9	4.8	101.2	83.2	106.4	32.7	14.2	51.8	22.9	20	5.3	28.8	0.598
Ryan Picollo	#N/A	301	66.3	34.9	65.8	NaN				40.2	7.3	39.6	33.1	20.8	6.5	16.9	0.156
Alberto Rios	#N/A	156	59.3	27.7	80.6	NaN				25.6	9.6	48.5	26.8	13.4	11.3	28.2	0.578
Yohander Martinez	#N/A	233	69.8	20.6	81.9	2.7	98.6	83.9	104.1	20.6	12.9	44.3	30.2	19.5	6	21.6	0.32
Josue Gonzalez	#N/A	261	69.3	23.4	82	6.2	101.9	86.8	109	22.6	14.2	42.4	31.6	14.6	11.4	23.3	0.383
Frederik Jimenez	#N/A	374	67.9	25.3	73.9	NaN				28.6	11.8	39	25.7	24.3	11	38.1	0.862
Erick Alvarez	#N/A	152	60.9	33.9	87.9	NaN				19.7	13.8	45.5	14.9	24.8	14.9	30	0.635
Jhonny Severino	#N/A	465	76.5	35.7	79.4	6	102.3	85.8	108.8	25.2	6.9	40.3	31.2	21.4	7.1	46.3	0.969
Leiker Figueroa	#N/A	131	73.1	38.2	76.9	NaN				24.4	7.6	57	17.4	17.4	8.1	20	0.254
Dario Laverde	#N/A	375	72.5	38.7	78.4	NaN				21.1	8	44.1	26.2	21.9	7.8	30.9	0.667
Ricardo Gonzalez	#N/A	427	69.3	25.4	85.4	NaN				18.7	12.4	52.8	19.7	24.8	2.8	17.8	0.189
Jorge Hernandez	#N/A	186	68.1	30.1	81.9	NaN				24.7	5.9	57.4	18.3	18.3	5.2	21.4	0.309
Jeral Toledo	#N/A	145	65.6	25	79.7	3.2	100.8	82.9	110.4	22.1	11.7	51.6	23.7	22.6	2.2	18.6	0.211
Yannic Walther	#N/A	237	64.6	23.5	78.6	NaN				29.1	13.9	40.9	27.3	22.7	9.1	18.2	0.197
Juan Corniel	#N/A	165	64.3	43.5	84.4	NaN				25.5	10.9	54.4	17.5	22.3	5.8	24.4	0.418
Yasser Mercedes	#N/A	421	63.6	26.4	81.9	6.4	104.8	89.4	110.7	24.9	13.1	35.9	26.6	23.8	13.7	38	0.86
Abdias De La Cruz	#N/A	409	63.5	37.6	74.7	NaN				25.7	11.2	38.3	32.4	17.4	11.9	34.9	0.793
Bryan Acuna	#N/A	219	63	27.5	79.2	0.9	101.1	86	110.5	29.7	13.2	56.9	17.1	23.6	2.4	10	0.025
Derik Alcantara	#N/A	95	53.3	19.8	95.9	NaN				12.6	15.8	41.8	26.9	22.4	9	27.3	0.535
Jacob Hinderleider	#N/A	312	62.7	36.8	71.5	NaN				36.2	7.4	50.6	22.1	20.9	6.4	14.9	0.115
Grant Magill	#N/A	127	61.1	29.2	76.7	NaN				25.2	11	50.6	21.5	22.8	5.1	20	0.254
Garrett Howe	#N/A	318	60.3	19.6	79.2	NaN				24.8	12.9	42.1	20.5	28.9	8.4	30.9	0.667
Adrian Rodriguez	#N/A	329	59.5	32.9	78	NaN				26.1	12.5	44.9	24	21.9	9.2	38.9	0.886
Jack Gurevitch	#N/A	96	76.8	26.8	77	2	103.2	86	108.6	31.3	13.5	48	24	24	4	25	0.433
Edgardo Ordonez	#N/A	82	72	20.7	73.8	NaN				31.7	20.7	39.5	36.8	18.4	5.3	33.3	0.728
Braylon Bishop	#N/A	315	66.7	25.7	78.6	5.3	103	85	106.5	30.8	11.7	48.3	23	22.4	6.3	25.3	0.45
Roger Lasso	#N/A	144	61.9	32.5	82.1	NaN				25	8.3	45.1	23.1	20.9	11	32.5	0.714
Jose Perez	#N/A	209	60.5	18.9	85.1	NaN				14.4	16.7	57.2	21	16.7	5.1	32.7	0.719
Yeiker Reyes	#N/A	382	58.4	35.4	73.8	NaN				25.4	11.3	54	22.8	17.7	5.5	21.9	0.333
Carlos Pacheco	#N/A	141	56.4	14.9	73.8	NaN				29.1	14.9	43.2	20.3	14.9	21.6	34.6	0.786
Carson Rucker	#N/A	422	72.5	32.9	81.1	2.9	105	88	108.9	24.4	6.6	45	16.3	29.8	8.9	22.3	0.354
Beycker Barroso	#N/A	198	70.3	30.5	85.7	NaN				17.7	8.6	44.5	25	17.2	13.3	42.6	0.936
José Anderson	#N/A	342	71.7	33.7	75.5	NaN				29.5	7.9	38.2	26.6	18.8	16.4	36.2	0.829
Jalin Flores	#N/A	101	69.4	33.2	73.3	1.7	103.8	88.5	107	33.7	8.9	43.1	25.9	22.4	8.6	21.4	0.309
George Feliz	#N/A	165	69.1	43.3	73.6	NaN				37	5.5	43	24.7	21.5	10.8	30.2	0.643
Reece Walling	#N/A	279	63.8	21.5	64.6	NaN				35.1	21.1	41	23.9	23.9	11.1	35.7	0.815
Manolfi Jimenez	#N/A	90	82.8	35.9	77.5	1.8	103.8	89	107	20	8.9	59	21.3	18	1.6	16.7	0.142
Nikau Pouaka-Grego	#N/A	102	64.2	22.9	86.1	0	96.6	85.1	107.3	20.6	13.7	36.9	24.6	29.2	9.2	31.4	0.685
Luis Freitez	#N/A	219	53.5	26.7	75.4	NaN				25.6	12.3	56.1	22	15.9	6.1	16	0.134
Enyervert Perez	#N/A	113	64	38.7	76	NaN				26.5	8	52.8	18.1	23.6	5.6	20	0.254
Andrew Salas	#N/A	449	61.5	18.2	82.8	0.8	94.4	78.8	109.1	24.3	16	34.3	27.9	24.2	13.6	37	0.846
Kevin Villavicencio	#N/A	313	76	34.5	89.2	1.9	99.9	83.4	105.9	14.7	8.6	45.1	26	20	8.9	34.3	0.769
Malvin Valdez	#N/A	261	73.1	31.8	80.7	0	100.1	81.5	109	25.3	12.6	53.8	16.5	21.5	8.2	20	0.254
Austin Green	#N/A	186	71.8	26	82.7	3.6	100.7	86.2	109.4	21	10.8	36.4	33.9	19	10.7	28.1	0.569
Zach MacDonald	#N/A	187	69.5	27.7	61.1	9.2	104.1	87.4	110.3	36.4	12.3	43.2	21.6	27.3	8	39.5	0.896
Kelvin Diaz	#N/A	103	69.1	21.5	72.4	NaN				32	14.6	32.1	28.3	22.6	17	44.4	0.955
Fernando Peguero	#N/A	253	68.1	26.5	82.8	NaN				22.9	10.7	50.3	20.5	25.5	3.7	28.4	0.585
Kale Fountain	#N/A	148	61.8	28.1	78.1	NaN				23	11.5	52.2	20.7	13	14.1	29	0.604
Justin Trimble	#N/A	211	61.8	21.1	66.6	NaN				42.2	10	43	29	18.3	9.7	31.8	0.698
Matthew Miura	#N/A	89	59.9	19	90	0	97.2	84	104.1	14.6	15.7	70.5	8.2	19.7	1.6	11.8	0.048
Iverson Espinoza	#N/A	111	76.1	34.9	83.1	0	95.2	76.4	105.7	25.2	10.8	53	18.2	21.2	7.6	30.8	0.66
Jorge Corona	#N/A	90	74.4	28.4	62.6	NaN				35.6	10	31.8	40.9	25	2.3	27.6	0.543
Robert Lopez	#N/A	196	61.8	27.8	79.9	NaN				22.4	12.8	42.7	23.4	24.2	9.7	49.2	0.982
Joshua Liranzo	#N/A	215	55.6	23.8	75	NaN				30.2	12.6	43.6	23.9	22.2	10.3	18.5	0.206
Daniel Pena	#N/A	210	69.7	24.9	87.3	0.7	98.2	83.9	109.1	13.3	11	48.7	20.1	25.3	5.8	27.1	0.523
Oswaldo Osorio	#N/A	197	58.5	17.4	66	NaN				34	18.3	33	37.5	15.9	13.6	38.3	0.876
Adrian De Leon	#N/A	242	53.5	31.4	71.2	NaN				30.6	13.2	36.4	31.8	20.2	11.6	38.8	0.884
Nolan Clifford	#N/A	198	50.3	33.3	75.4	NaN				22.2	13.1	52	23.6	22	2.4	23.2	0.376
Elian Rayo	#N/A	164	75	31.2	73.4	NaN				24.4	8.5	38	38	16.7	7.4	35.6	0.812
Angel Acosta	#N/A	276	70	36.6	90.7	NaN				12.3	7.2	45.7	21	24.7	8.7	36	0.826
Jorge Quintana	#N/A	100	66.7	28.3	72.5	NaN				34	15	53.1	22.4	18.4	6.1	20	0.254
Andrés Nolaya	#N/A	194	67.3	33.1	82.4	NaN				25.3	8.8	55	18.3	17.5	9.2	34.9	0.793
Jose Rodriguez	679563	251	60.8	25.9	73.3	9.6	106.8	93.4	111.9	31.9	12.7	41.2	34.6	16.9	7.4	27.1	0.523
Yaikel Mijares	#N/A	311	64.6	23.8	68.4	NaN				33.4	14.8	53.8	13.5	25.6	7.1	27.9	0.562
Larry Martinez	#N/A	336	80.1	38.3	86.5	NaN				14.6	4.8	43.6	15.8	29	11.6	27.6	0.543
Christopher Espinola	#N/A	184	77.9	25.1	81	NaN				17.4	15.2	44.2	33.3	16.7	5.8	40	0.901
Chase Valentine	#N/A	211	73.6	30.2	81.8	NaN				27	8.1	37.9	34.1	18.9	9.1	27.1	0.523
Max Durrington	#N/A	194	61	23.2	87.5	NaN				17	9.3	55	24.3	17.9	2.9	18.6	0.211
Maikol Hernández	#N/A	270	58.6	22.3	77.6	NaN				28.1	15.2	29.9	32.7	21.8	15.6	21.3	0.304
Jose Monzon	#N/A	349	63.3	23.8	84	NaN				22.3	12.3	54.4	21.1	19.7	4.8	17.2	0.161
Juan Mateo	#N/A	136	75	36.8	79.9	NaN				23.5	8.8	50	18.9	23.3	7.8	34.2	0.759
Abel Bastidas	#N/A	131	81.1	31.8	74.1	0	100.9	85.6	104.9	25.2	9.9	45.8	24.1	24.1	6	42.5	0.934
Dionmy Salon	#N/A	119	78.5	29.6	81.3	NaN				17.6	7.6	39.8	24.1	26.5	9.6	33.3	0.728
TJayy Walton	#N/A	142	72.1	26.9	71.7	0	103.4	84.7	108.9	33.8	10.6	42.9	22.1	27.3	7.8	13.2	0.07
Enddy Azocar	#N/A	284	71.3	28.6	80.5	NaN				23.2	7	45.5	23	20.9	10.5	26.2	0.481
Colin Burgess	#N/A	160	69.9	33	85.5	NaN				22.5	6.9	46.4	22.7	20.9	10	31.3	0.679
Eli Lovich	#N/A	200	66.9	31.7	77	NaN				34	9	55.3	20.2	21.1	3.5	40.4	0.905
Arnold Prado	#N/A	80	66.1	36.9	78	NaN				31.3	12.5	59.1	15.9	22.7	2.3	23.5	0.392
Alfredo Velásquez	#N/A	193	74.6	38.4	89.3	NaN				8.8	3.1	52.7	25.7	14.4	7.2	14.9	0.115
Miguel Briceno	#N/A	192	63.9	32.4	85.3	0.7	101.1	88.3	108.4	17.2	9.4	52.9	17.1	25	5	18.6	0.211
Thomas Takayoshi	#N/A	139	63.3	34.5	71.8	NaN				35.3	7.2	52.6	28.2	14.1	5.1	33.3	0.728
German Ortiz	#N/A	127	63.2	28.4	67.1	NaN				27.6	10.2	59.2	18.4	14.5	7.9	8	0.012
Kelvin Diaz	#N/A	122	70.1	30.7	81.1	NaN				26.2	8.2	44.2	24.7	16.9	14.3	37.5	0.853
Jefferson Valladares	#N/A	192	69.4	32	84.4	5.7	101.8	85.6	108.8	25.5	5.7	40.7	30.1	17.9	11.4	32.2	0.707
Dilan Granadillo	#N/A	172	68.4	28	78.9	NaN				32.6	11	36.6	28	30.1	5.4	38.9	0.886
Peyton Holt	#N/A	144	65.9	28.7	81.9	2.4	101.9	87.1	104.5	29.2	12.5	45.6	27.8	16.5	10.1	20	0.254
Jeremy Rodriguez	#N/A	489	56.8	17.8	89	0.4	99.1	85.2	109.4	19	12.3	57.6	16.7	20.9	4.8	18.5	0.206
David Smith	#N/A	147	70.8	20.7	85.7	1	100.3	86	105.2	17	12.9	45.5	20.8	22.8	10.9	22.7	0.366
Yendry Rojas	#N/A	270	70	32.2	79.1	NaN				20.7	10.7	49.4	28.3	20.6	1.7	20.5	0.285
Edwardo Espinal	#N/A	194	67.4	44.2	70.8	NaN				29.4	7.7	45.3	27.4	16.2	11.1	31.4	0.685
Ryan Weingartner	#N/A	90	66.8	14	79.7	4.4	99.7	85.8	102.9	28.9	20	51.1	28.9	15.6	4.4	0	0
Abraham Nunez	#N/A	276	62.7	35.2	78.1	NaN				21.7	8.3	50.8	18.7	15	15.5	36.5	0.841
Yandel Ricardo	#N/A	195	84	36.5	75.7	NaN				19.5	6.7	62.1	13.6	17.1	7.1	27.9	0.562
Jacob Lojewski	#N/A	89	76.3	28.1	83.2	0	97	82.9	104.9	15.7	6.7	29.2	26.2	24.6	20	24.2	0.413
Christopher Paciolla	#N/A	76	70.6	32.2	81.3	NaN				22.4	9.2	62	20	14	4	23.5	0.392
Jude Warwick	#N/A	86	69.9	34.8	78	0	97	81.3	102.8	33.7	3.5	58.5	20.8	18.9	1.9	42.9	0.943
Roismar Quintana	#N/A	228	79.6	42.4	82.8	NaN				19.7	4.4	38.6	23.4	26.3	11.7	20	0.254
Alirio Ferrebus	#N/A	174	75.2	40.9	89.2	3.8	102.5	87.1	108.9	16.1	3.4	54.1	19.5	21.1	5.3	7.4	0.008
Juan Villavicencio	#N/A	104	70.9	27.2	80.3	1.8	102.7	88.1	107.3	28.8	16.3	49.1	16.4	25.5	9.1	34.8	0.791
Alberth Palma	#N/A	87	67.6	24	87.8	NaN				13.8	6.9	57.4	11.8	23.5	7.4	8.3	0.013
Joel Dragoo	#N/A	194	59.2	19.6	81.2	2.8	98.9	84	102.1	29.4	13.9	41.3	26.6	25.7	6.4	17.5	0.172
Waner Luciano	#N/A	310	61.8	21.9	84.7	NaN				20.3	8.4	34.9	28.3	21.7	15.1	41.5	0.917
Nick Montgomery	#N/A	353	67.1	31	72.3	NaN				33.1	11.9	41.6	26.8	19.5	12.1	22.7	0.366
Carter Johnson	#N/A	463	66.7	28	79.7	3.3	101.2	85.1	108.7	28.5	9.7	38.3	27.7	24.8	9.1	31.3	0.679
Clayton Campbell	#N/A	76	65.5	19.7	81.7	0	98.5	81.7	101.3	25	18.4	47.6	23.8	16.7	11.9	17.6	0.177
Juan Perez	#N/A	237	63.8	32	79.3	NaN				30.4	11.4	56.7	19.4	19.4	4.5	9.6	0.024
Luis Reyes	#N/A	193	85.8	31.8	79.9	0	97.2	80.3	101.2	17.6	6.7	38.7	23.9	20.4	16.9	28.6	0.592
Enderson Delgado	#N/A	122	76.8	38.2	72.6	2.8	101.1	86.3	109.5	26.2	10.7	32.9	32.9	21.9	12.3	27.5	0.542
Yohander Linarez	#N/A	145	74.3	37.4	73.6	NaN				26.2	4.8	51	22.4	20.4	6.1	14.3	0.099
Willy Fanas	#N/A	147	70.7	38.8	74.8	3.1	102.5	87.4	109.4	36.1	8.8	56.6	25	15.8	2.6	22.6	0.364
Elio Campos	#N/A	99	62	32.5	92.9	NaN				10.1	6.1	61	14.6	14.6	9.8	16.7	0.142
Gabriel Moncada	#N/A	229	70.2	36.6	72.4	NaN				29.7	7.4	29.4	37.1	24.5	9.1	45.5	0.963
Giullianno Allende	#N/A	83	68.7	29.5	74.3	NaN				28.9	9.6	46.9	24.5	12.2	16.3	27.8	0.554
Eduardo Beltre	#N/A	104	65.6	31.2	81.9	8.9	105.2	91.2	109.7	26	13.5	48.4	29	12.9	9.7	26.9	0.512
Gery Holguin	#N/A	214	63.7	22.1	68.8	NaN				34.6	14.5	50	26.9	17.3	5.8	32.6	0.717
Alan Espinal	#N/A	257	67.7	39.3	69.5	NaN				32.3	6.6	50.3	27.2	12.6	9.9	13.3	0.08
Dustin Crenshaw	#N/A	101	62.5	33.2	82.2	NaN				19.8	14.9	59.1	21.2	10.6	9.1	28.6	0.592
Nolan Beltran	#N/A	131	70.1	30.1	92.7	2.3	99.5	79.6	102.8	13.7	9.9	48	23	15	14	15.8	0.129
Carlos Monteverde	#N/A	78	56.6	21.5	68.5	NaN				30.8	21.8	59.5	18.9	18.9	2.7	14.3	0.099
Fraymi De Leon	#N/A	174	83.6	42	79.1	NaN				26.4	6.3	53.8	14.5	24.8	6.8	37	0.846
Adrian Gil	#N/A	93	68.6	25.3	63.8	NaN				36.6	11.8	47.7	31.8	13.6	6.8	30	0.635
Diego Gonzalez	#N/A	169	64.5	26.4	82.6	1	99.3	85.4	104.6	24.3	11.8	44.7	26.2	21.4	7.8	16.3	0.139
Ryan Reckley	#N/A	170	63.2	31.1	76.9	NaN				28.2	12.9	52	23	20	5	14	0.098
Nick Monistere	#N/A	109	61.3	25.6	83.6	NaN				23.9	8.3	62	18.3	15.5	4.2	29.2	0.607
Eriandys Ramon	#N/A	179	72.4	37.8	79.2	NaN				30.2	5.6	36	27	25.2	11.7	36.2	0.829
Nathaniel Ochoa Leyva	#N/A	209	68	26.6	68.5	NaN				35.9	9.1	50.4	16.8	21.2	11.5	20.9	0.296
Yeral Martinez	#N/A	83	75.2	40.6	73.6	8.1	107.6	92	114.5	38.6	4.8	35.6	28.9	24.4	11.1	45.8	0.965
Cesar Franco	#N/A	114	50.8	30.2	63.3	NaN				33.3	19.3	46.2	38.5	9.6	5.8	12	0.053
Jake Steels	#N/A	143	60.1	27.7	87.5	NaN				18.9	11.9	60.6	19.1	16	4.3	18.2	0.197
Josi Novas	#N/A	309	75.7	39.2	61.4	NaN				39.2	6.5	37.3	36.6	16.8	9.3	24.4	0.418
Jose De La Cruz	#N/A	102	75.2	43.4	69.5	5.7	106.4	90.1	111.9	36.3	10.8	50.9	35.8	11.3	1.9	12	0.053
Jesus Lopez	#N/A	91	67.7	32	72.7	NaN				25.3	13.2	43.6	25.5	21.8	9.1	42.3	0.927
Alexis Hernandez	#N/A	93	68.1	32.1	82.3	NaN				23.7	7.5	47.5	19.7	23	9.8	19.2	0.235
Gunner Gouldsmith	#N/A	155	52	32	83.6	NaN				22.6	12.3	55.6	28.3	9.1	7.1	13.5	0.091
Stiven Martinez	#N/A	96	61.3	24.8	61.5	NaN				47.9	13.5	35.3	32.4	26.5	5.9	25	0.433
Julio Henriquez	#N/A	122	72	36.7	80.3	4.8	104.5	89.9	109.8	27.9	7.4	54.2	20.8	20.8	4.2	6.7	0.006
Edrei Campos	#N/A	142	67.2	39.2	69	NaN				32.4	9.2	53.1	14.8	21	11.1	34.5	0.776
Colton Vincent	#N/A	151	76	31.6	80.9	NaN				18.5	7.3	51.4	17.8	23.4	7.5	18.2	0.197
Handelfry Encarnacion	#N/A	110	77.3	22.4	84.7	NaN				18.2	9.1	59.5	11.4	22.8	6.3	25.9	0.468
Nehomar Ochoa Jr.	#N/A	84	68.3	25	76.4	NaN				31	8.3	40.8	22.4	26.5	10.2	45.8	0.965
Starlin Aguilar	#N/A	144	82.3	43.8	72.3	NaN				36.8	4.9	44.4	29.6	17.3	8.6	15.8	0.129
Carlos Tavares	#N/A	180	69.9	25.6	73.7	NaN				33.3	8.9	45.6	30.1	22.3	1.9	27.8	0.554
Jacob Walsh	#N/A	89	77.6	24.9	73.4	NaN				29.2	14.6	46.9	32.7	16.3	4.1	20.8	0.292
Felix Tena	#N/A	203	71.8	41.1	76	NaN				19.7	7.4	61.1	17.4	18.8	2.8	13.5	0.091
Reylin Perez	#N/A	114	66.7	28.2	71.6	NaN				35.1	5.3	47	13.6	30.3	9.1	34.5	0.776
Carlos Caro	#N/A	158	65.5	30	75	1.2	99.4	78.3	103	32.3	8.2	56.2	13.5	20.2	10.1	43.3	0.946
Nomar Fana	#N/A	128	66.7	33.7	69.4	3.8	104	86.7	109	41.4	10.9	55.7	16.4	26.2	1.6	50	0.987
Kedaur Trujillo	#N/A	89	61.3	27.9	74.5	NaN				38.2	11.2	54.8	11.9	14.3	19	36.4	0.833
Anderson Suriel	#N/A	109	73.3	32.4	73.5	NaN				28.4	6.4	37.3	28.4	19.4	14.9	43.8	0.95
Jesus Fernandez	#N/A	77	62.6	32.4	91.7	NaN				14.3	3.9	62.9	11.3	12.9	12.9	20	0.254
Colby Shelton	#N/A	110	72.4	33.7	78.5	NaN				21.8	9.1	47.3	31.1	13.5	8.1	33.3	0.728
Roiber Niazoa	#N/A	123	68.6	32.2	72.8	NaN				39.8	7.3	48.4	17.2	18.8	15.6	21.7	0.327
Francisco Garcia	#N/A	149	59.8	45.8	72.9	NaN				30.9	4.7	51.6	28.4	12.6	7.4	20.5	0.285
Roni Cabrera	#N/A	89	65.5	31.4	70.4	NaN				38.2	10.1	39.5	30.2	14	16.3	42.1	0.924
J.D. Gonzalez	#N/A	105	73.6	37.2	81.4	NaN				25.7	5.7	50.7	21.1	22.5	5.6	32.3	0.709
Moises Gallardo	#N/A	95	79.9	36.5	72.4	NaN				36.8	4.2	42.9	23.2	25	8.9	14.8	0.108
Guillermo Rosario	#N/A	93	61.3	28.5	69.9	2.3	101.4	84.5	104.8	38.7	8.6	52.1	18.8	16.7	12.5	23.5	0.392

