ID	batter_name	pa	xwoba_percent	woba_percent	zone_swing_percent	chase_percent	zone_contact_percent	k_percent	bb_percent	pulled_fly_ball_percent
	Wuilfredo Antunez	129	0.158	0.365	82.2	38	82	19.4	4.7	40.4
	Joshua Mears	165	0.166	0.252	81.4	40.8	67.8	33.3	7.3	34.9
	Nick Schnell	161	0.148	0.326	81.4	33.7	73.5	24.2	5	28.6
	GJ Hill	193	0.164	0.256	80.3	32	65	37.3	9.3	29.2
	Ben Gobbel	275	0.176	0.317	80.2	35.4	84.8	21.8	7.3	32
	Alfredo Velásquez	84	0.156	0.249	79.1	39	87.2	14.3	3.6	21.4
	Max Anderson	407	0.174	0.363	78.9	30.2	83.3	14.5	6.9	18.3
	Jeremiah Jackson	189	0.162	0.303	78.9	40.9	81.4	16.4	4.8	23.7
	Javier Rivas	114	0.152	0.262	78.9	50	76	20.2	2.6	29.7
	Luis Encarnacion	169	0.159	0.219	78.7	42.8	64	28.4	5.9	43.5
	Josh Hatcher	378	0.135	0.263	78.4	49.7	73.3	28	3.4	19.8
	Cayden Wallace	478	0.173	0.302	78.1	30.1	80.2	23.2	8.4	25
	Creed Willems	435	0.189	0.336	77.9	33.7	80	19.1	8.7	32
	Jay Harry	142	0.183	0.223	77.5	34.9	79	23.2	10.6	50
	Blake Burke	155	0.177	0.412	77.4	32.8	78.3	25.8	9.7	32.7
	Geraldo Quintero	399	0.205	0.307	77.3	28.7	81.9	21.8	13	36
	Cade Doughty	371	0.156	0.264	77.3	35.4	80.8	22.1	5.4	28.6
	Bladimir Restituyo	351	0.148	0.22	77.3	52.6	84.1	21.1	2.8	39.8
	Jack Hurley	261	0.134	0.279	77.3	46	66.1	41	5.4	10.9
	Jace Avina	191	0.182	0.297	77.2	24.8	77.3	25.1	9.4	38.9
	Colby Smelley	85	0.18	0.285	77.2	34.2	81.1	18.8	8.2	25
	Johnathon Thomas	247	0.169	0.258	76.9	39.9	79.4	19	5.3	30
	Edwin Arroyo	521	0.182	0.317	76.8	32.9	85.5	16.7	7.7	16.9
	Dakota Harris	477	0.171	0.301	76.7	46	84.5	17	5.5	19.1
	Garrett Spain	484	0.17	0.286	76.6	34.4	78.7	26.9	8.1	34.5
	Felix Stevens	130	0.17	0.298	76.6	27.7	71	30	9.2	13.9
	Gabriel Gonzalez	247	0.21	0.407	76.5	38	85.5	12.1	10.5	17.8
	Jairo Pomares	299	0.158	0.271	76.4	34.8	76.3	26.8	7.4	26.5
	Kevin Parada	362	0.17	0.325	76.3	26.8	73.3	27.6	9.1	26.7
	Austin Overn	132	0.166	0.314	76.2	28.6	77.8	24.2	6.8	27.9
	Diego Hernandez	116	0.131	0.24	76.2	37.3	79.2	29.3	3.4	25.8
	Josh Crouch	229	0.177	0.317	76.1	31.6	75.6	30.6	10	44.8
	Noelberth Romero	131	0.136	0.19	75.9	36.1	74.5	30.5	3.1	28.2
	Vaun Brown	100	0.191	0.289	75.9	26.9	76.8	24	11	33.3
	DJ Gladney	401	0.143	0.282	75.8	38	74.3	30.9	5.2	20.4
	Daylen Lile	94	0.155	0.361	75.7	25.9	86.9	13.8	3.2	20
	Cameron Barstad	265	0.171	0.271	75.6	26.5	72.4	30.2	7.5	16.7
	Kahlil Watson	252	0.181	0.344	75.6	30.5	78.1	28.2	10.3	41
	Omar Hernandez	155	0.157	0.24	75.5	35.3	80.6	17.4	2.6	18.3
	Alex Mooney	442	0.176	0.257	75.4	28.2	70.5	29.2	10.6	37.5
	Jacob Sharp	209	0.186	0.227	75.4	28.8	76.1	27.8	8.1	37.7
	Ivan Melendez	282	0.187	0.357	75.3	42.3	74.1	24.5	9.9	23.9
	Antonio Gomez	121	0.158	0.187	75.3	31.5	59.8	33.9	9.9	12.5
	Roc Riggio	272	0.182	0.352	75	29.2	80.5	21.7	9.2	36.2
	Leo Balcazar	213	0.206	0.303	75	27.3	88.3	10.3	10.3	28.1
	Jordan Groshans	250	0.189	0.323	74.9	30.5	88	14	8.8	12.8
	Alexander Vargas	147	0.171	0.278	74.8	35.9	80.5	22.4	8.2	55.6
	Marcos Castañon	432	0.172	0.33	74.7	36.8	81.8	21.8	7.6	36
	Tyler Miller	308	0.168	0.272	74.7	37.9	78.2	23.4	7.8	37.6
	Zach Kokoska	277	0.164	0.293	74.6	39.3	63.2	36.1	9.7	43.5
	Hunter Stovall	236	0.176	0.261	74.6	29.4	81.9	16.9	7.2	32.9
	Cole Carrigg	535	0.171	0.31	74.5	34.7	73.3	27.1	8.2	28.7
	Patrick Clohisy	170	0.177	0.315	74.5	31.7	87.4	17.1	6.5	20
	Pablo Aliendo	386	0.147	0.274	74.3	39.4	70.5	35	5.7	38.8
	Felix Reyes	393	0.163	0.394	74.2	38.7	85.3	15.3	4.3	22.5
	Jared Sundstrom	486	0.167	0.295	74.1	39.4	71.3	29.4	8.2	32.6
	Austin Callahan	273	0.156	0.232	74.1	31.2	70.8	29.3	8.1	25.3
	Carson DeMartini	292	0.179	0.263	74	25.9	75.2	25.7	9.6	25.7
	Reed Trimble	217	0.19	0.362	74	27	83.1	21.7	10.1	39.5
	Johnny Olmstead	375	0.178	0.293	73.8	30.6	81.9	16.5	7.2	35.9
	R.J. Yeager	309	0.184	0.266	73.8	39.4	81.2	17.5	7.4	26.7
	Michael Arroyo	250	0.223	0.328	73.8	31.8	80.6	15.6	12	21.3
	Yohandy Morales	142	0.168	0.376	73.8	25.4	75.1	23.2	7.7	14.3
	Cooper Kinney	499	0.161	0.298	73.7	33	76	25.1	7	28.1
	Garrett Martin	405	0.172	0.295	73.7	31.2	76.2	24	6.9	32.5
	Maikol Escotto	142	0.177	0.191	73.6	34.3	83	20.4	6.3	28.6
	Ryan Galanie	407	0.179	0.307	73.5	25.2	83.3	15.2	7.1	24.1
	Yoyner Fajardo	167	0.174	0.276	73.5	35	81.2	19.2	7.8	17.8
	Bryce Eldridge	140	0.165	0.367	73.5	27.3	74.4	27.9	9.3	23.5
	Homer Bush Jr.	544	0.189	0.323	73.3	37.2	80.9	17.8	8.6	18.4
	Brett Squires	493	0.172	0.32	73.1	36.8	73.6	27	9.5	26.6
	Kemp Alderman	456	0.167	0.338	73	32.5	80.2	22.4	7.5	18.3
	Jacob Gonzalez	371	0.184	0.294	73	33.8	81.9	14	7.5	30
	Austin Hendrick	358	0.165	0.322	73	36.1	76.3	32.4	8.9	38.3
	Tommy White	113	0.169	0.327	73	49.8	83.7	15	6.2	11.4
	Branden Boissiere	210	0.182	0.356	72.9	28.3	78.3	22.9	9.5	24.1
	Seth Stephenson	81	0.193	0.296	72.8	31.4	90.9	12.3	7.4	24
	Victor Arias	151	0.169	0.275	72.7	30.3	75.5	25.2	9.3	16.3
	Tyresse Turner	262	0.187	0.263	72.6	26	78.8	32.8	13.4	28.8
	Braiden Ward	206	0.204	0.313	72.6	28.3	81.1	18.4	9.2	25.4
	Jadher Areinamo	155	0.191	0.319	72.6	35.2	86.4	11	7.7	30.4
	Jeremy Rivas	485	0.177	0.279	72.5	38	73	27.8	9.7	28.7
	Jared McKenzie	110	0.129	0.206	72.5	40.9	69.3	34.5	4.5	32
	John Peck	101	0.169	0.312	72.5	34.4	79.8	20.8	6.9	16.1
	Zach Levenson	99	0.186	0.368	72.5	37.1	80.2	21.2	10.1	33.3
	Darius Hill	96	0.165	0.247	72.5	31.5	81.4	25	7.3	21.4
	Jacob Burke	224	0.171	0.251	72.4	32.1	78.6	25.9	7.6	27.5
	Hudson Haskin	89	0.193	0.286	72.4	24.8	69.9	24.7	11.2	32
	Jordan Nwogu	364	0.178	0.309	72.2	33.1	80.9	25	7.1	23.3
	Ethan Hearn	330	0.153	0.245	72.2	35.6	73	29.7	6.7	27.3
	Brody Moore	172	0.167	0.266	72.2	38.5	84	16.9	5.8	12.5
	Jackson Castillo	89	0.178	0.267	72.1	24.7	77.3	22.5	9	27.8
	Cal Conley	507	0.167	0.222	72	34.5	82.1	20.1	6.7	16.7
	Carlos De La Cruz	467	0.152	0.296	72	33.4	69.6	32.5	7.5	23.1
	Jorge Burgos	408	0.185	0.299	72	28.2	80.4	23	10.5	40.7
	Gabriel Martinez	244	0.174	0.288	72	37.6	83.8	19.7	7.8	26.1
	Kamren James	155	0.163	0.208	72	30.3	74.8	30.3	9	31.4
	Lyle Lin	113	0.206	0.231	72	38.6	85.1	13.3	9.7	22.2
	Moisés Gómez	442	0.166	0.292	71.9	31.9	75.6	28.5	8.6	32
	Julio E. Rodriguez	155	0.179	0.3	71.9	34	79.7	18.7	7.1	31
	Adam Hackenberg	93	0.147	0.241	71.9	33.6	75	33.3	6.5	18.8
	William Lugo	426	0.171	0.263	71.8	25.6	75.2	26.5	9.2	33.1
	Alfonsin Rosario	141	0.168	0.306	71.8	32.4	68.8	32.6	10.6	34.1
	Aron Estrada	110	0.179	0.366	71.8	25.7	84.7	15.5	8.2	27.5
	Cam Eden	81	0.145	0.234	71.8	36.9	69.2	38.3	7.4	27.3
	William Bergolla	548	0.194	0.284	71.7	30	95.8	4.6	6.8	15.5
	D'Andre Smith	354	0.17	0.327	71.7	33.3	83.9	19.5	5.1	25
	Wilfred Veras	462	0.167	0.275	71.6	29.9	66.5	29.7	9.1	22.7
	Luis Valdez	138	0.124	0.193	71.5	35.4	71.3	34.8	2.9	16.7
	Seth Beer	120	0.187	0.27	71.5	20.5	80.4	22.5	9.2	28.3
	Aaron Sabato	163	0.191	0.415	71.4	32.1	71.2	25.8	12.3	28.3
	Oscar Colás	367	0.167	0.294	71.3	33.8	77.9	24.5	8.4	23.8
	Chris Meyers	318	0.191	0.353	71.3	21	78.3	19.8	10.1	26.1
	Caeden Trenkle	200	0.158	0.239	71.3	37.2	70.1	33	9	28
	Nelson Quiroz	99	0.204	0.323	71.3	38.3	90.6	6.1	10.1	23.1
	Héctor Rodríguez	347	0.184	0.36	71.2	36.6	84	13.8	8.1	30.7
	Adam Zebrowski	346	0.151	0.282	71.2	30.7	72.4	31.5	6.6	23.8
	Sammy Siani	305	0.186	0.26	71.2	23.5	81.3	21.6	11.8	33.3
	Braden Montgomery	143	0.174	0.339	71.2	22.7	73.4	28.7	10.5	27.5
	E.J. Exposito	230	0.152	0.256	71.1	28.9	79.5	23.9	4.3	29
	Kai Murphy	376	0.204	0.272	71	30.9	80.5	17.8	11.4	17
	Reivaj Garcia	261	0.172	0.284	71	34.2	83.8	16.9	6.9	17
	Colin Barber	163	0.155	0.283	71	36.2	80.1	27.6	6.1	40
	Jacob Cozart	94	0.176	0.315	71	23.2	80.3	25.5	8.5	25.8
	Denzer Guzman	388	0.188	0.328	70.9	23.9	77.9	23.7	10.6	39.5
	Sal Stewart	329	0.191	0.37	70.9	27.8	82.6	15.5	8.2	27.4
	Braylen Wimmer	181	0.171	0.32	70.9	32.4	77.1	22.7	6.6	22.4
	Ethan O'Donnell	501	0.183	0.289	70.8	31.1	76.5	25.7	10.8	25.4
	Andy Garriola	147	0.176	0.239	70.8	30.6	81	19.7	8.2	30.4
	C.J. Kayfus	80	0.226	0.455	70.7	24.3	74.5	17.5	13.8	31
	Hunter Fitz-Gerald	396	0.17	0.32	70.6	37.4	72.6	28.3	9.3	24.8
	Thayron Liranzo	388	0.176	0.295	70.6	27.9	71.7	32	11.9	32.1
	Seaver King	355	0.165	0.267	70.6	36.7	81.3	20.3	6.5	7.7
	Mark Coley II	282	0.166	0.31	70.6	33.3	74.9	30.5	8.2	27.6
	Calvin Harris	201	0.17	0.289	70.6	24.7	80.4	23.4	8	27
	Albert Fabian	196	0.187	0.317	70.6	41.1	79.2	18.9	9.2	41
	Axel Sanchez	115	0.179	0.322	70.6	32.8	76.8	26.1	10.4	55.2
	Colton Ledbetter	532	0.178	0.316	70.5	26.8	80.4	23.9	9.6	29.1
	Nick Lorusso	444	0.174	0.299	70.5	28.4	76.5	24.1	9.2	20.8
	Bryson Ware	82	0.142	0.342	70.5	39.5	76.2	31.7	6.1	28
	Ethan Anderson	76	0.205	0.274	70.5	21.1	84.7	15.8	11.8	20
	Ronald Rosario	398	0.174	0.269	70.4	27.3	76.3	23.9	8.3	26.3
	Angel Genao	337	0.181	0.3	70.4	23.7	86.1	15.7	8.3	13.9
	Danny Serretti	235	0.198	0.277	70.4	26.8	81.2	20	12.3	17.9
	Murphy Stehly	141	0.204	0.405	70.4	32	83.9	17.7	10.6	19.6
	Luis Ravelo	108	0.14	0.203	70.4	25.9	63.1	37	7.4	30.4
	Jose Salas	175	0.164	0.281	70.2	48.2	71.3	26.3	7.4	33.9
	Willy Vasquez	165	0.158	0.288	70.2	34.9	81.5	19.4	4.2	20.9
	Adam Hall	123	0.196	0.298	70.2	23.8	80.8	24.4	10.6	20
	Brock Rodden	163	0.158	0.353	70.1	36.7	79	30.1	7.4	31.8
	Arol Vera	95	0.149	0.202	70.1	40.7	80.2	28.4	3.2	32.1
	Phillip Glasser	487	0.207	0.344	70	28.9	89.8	11.1	10.7	18.4
	Jake Gatewood	141	0.167	0.307	70	29.7	67.9	31.2	9.9	27.1
	Erick Brito	112	0.16	0.273	70	36.5	78.9	24.1	6.3	35.3
	Jose Cordova	327	0.209	0.328	69.9	30.3	79.7	19.6	13.8	6
	Jorel Ortega	263	0.184	0.297	69.9	40	73.6	25.5	11.4	38.3
	Ramón Rodríguez	81	0.246	0.409	69.9	33.3	87.4	4.9	11.1	12.8
	Ralphy Velazquez	122	0.193	0.431	69.8	24.1	81.7	14.8	9	25.5
	Dayson Croes	84	0.17	0.326	69.8	30.6	81.7	17.9	6	12.9
	Leandro Pineda	389	0.202	0.308	69.7	25.5	79.3	22.1	12.1	37.7
	Jac Caglianone	175	0.185	0.403	69.7	37	80.6	20.6	10.9	27.5
	BJ Murray Jr.	535	0.215	0.342	69.6	21.3	84.4	19.1	15.1	33.5
	Roberto Campos	399	0.168	0.284	69.6	25.2	75.7	25.1	9	17.7
	Kevin Made	345	0.185	0.256	69.6	31.8	82.7	15.7	7.8	24.2
	Colt Emerson	154	0.187	0.349	69.6	32.6	81.9	20.1	8.4	28.6
	Kevin Kilpatrick Jr.	350	0.176	0.255	69.5	25.4	80.3	24.3	8.6	14
	Garret Guillemette	169	0.175	0.318	69.5	33.1	84	22.5	8.3	41.7
	J.J. D'Orazio	147	0.145	0.249	69.5	48.1	80.8	25.2	4.1	23.5
	Evan Edwards	129	0.171	0.221	69.5	24.1	68.3	31.8	9.3	45
	Manuel Pena	467	0.156	0.34	69.4	42.5	75.9	21.6	5.1	22.1
	Pascanel Ferreras	452	0.177	0.306	69.3	34.6	80	24.6	9.3	25.4
	Eddinson Paulino	356	0.162	0.277	69.3	28.4	76.5	27.2	7	39.3
	Jack Pineda	249	0.177	0.275	69.3	34.3	80.8	20.9	6.4	13.9
	Mat Nelson	100	0.208	0.204	69.3	26.6	75.4	30	16	20.8
	Coby Morales	97	0.142	0.229	69.3	28.9	72.5	32	6.2	28
	Peyton Wilson	91	0.23	0.5	69.3	26.9	78.3	18.7	14.3	43.8
	Sam Brown	511	0.203	0.332	69.2	25.6	82.8	17.4	11.9	26.3
	Alex De Jesus	214	0.16	0.238	69.2	25.9	70.8	30.8	9.3	16.1
	Jean Walters	216	0.171	0.293	69.1	39.5	81.4	22.7	8.3	36.1
	Dalvy Rosario	134	0.152	0.242	69.1	30.8	71.3	32.1	8.2	41.7
	Luis Mieses	430	0.167	0.297	69	43.3	77.9	19.5	7.2	39.2
	Matthew Etzel	251	0.204	0.322	69	20.9	76.9	25.5	16.7	27.6
	Nerwilian Cedeño	140	0.162	0.256	69	38.7	75.6	27.1	8.6	31.7
	Michael Trautwein	81	0.208	0.317	69	28	65.8	35.8	16	50
	Brandon Valenzuela	376	0.184	0.308	68.9	26.8	78.7	22.1	10.6	37.3
	Andrick Nava	79	0.195	0.235	68.8	28.8	80.9	20.3	12.7	20
	Gavin Conticello	515	0.197	0.352	68.7	44.8	75.3	21.2	11.5	21.8
	Bo Davidson	182	0.178	0.315	68.7	26.5	79.9	23.6	10.4	23.6
	Omar Martinez	97	0.166	0.286	68.7	33.7	78.4	26.8	9.3	20.6
	David Calabrese	264	0.172	0.248	68.6	30.8	81.4	23.9	8.3	37.6
	Tony Bullard	166	0.164	0.314	68.6	31.7	77.8	23.5	7.2	32.1
	Mac McCroskey	297	0.164	0.21	68.5	26.8	72.4	29	8.8	10.8
	Stephen Paolini	139	0.158	0.267	68.5	24.4	66	34.5	9.4	30
	David McCabe	436	0.197	0.355	68.4	20	81.1	20.4	13.3	24.5
	Max Wagner	343	0.168	0.285	68.4	26.6	73	30.6	10.5	34.6
	Luis Baez	270	0.163	0.286	68.4	38	79.8	26.7	8.1	34.2
	Dylan Shockley	88	0.164	0.217	68.3	22.4	64.7	38.6	12.5	10
	Ryan McCarty	374	0.191	0.293	68.2	20.6	78.8	24.6	10.7	21.4
	Bryant Betancourt	345	0.187	0.3	68.2	32.1	80.2	18.8	10.1	38.7
	Justin Johnson	322	0.176	0.296	68.2	32.7	82	23.3	9	24
	Brady Allen	91	0.202	0.285	68.2	20.2	75.6	25.3	13.2	20.8
	Benny Montgomery	356	0.15	0.243	68.1	38.3	70	36.2	8.4	10.4
	Tommy Sacco Jr.	212	0.149	0.189	68.1	32.9	73.3	27.4	5.7	28.6
	Bryan Lavastida	163	0.181	0.322	68.1	25.9	80.5	20.2	7.4	26.4
	Lazaro Montes	279	0.188	0.325	68	31	64	29.4	12.5	36.6
	Kevin McGonigle	206	0.225	0.387	68	20.8	85.1	12.6	16	30.2
	Victor Labrada	295	0.219	0.367	67.9	25.5	81.9	16.3	14.2	43.3
	Cole Fontenelle	188	0.148	0.238	67.9	35.7	57.9	52.7	8	41
	Ryan Wrobleski	181	0.173	0.283	67.9	38.4	74	28.7	9.4	26.2
	Ryan Nicholson	139	0.183	0.279	67.9	24.6	75.6	28.8	12.9	41.5
	Caden Rose	288	0.178	0.266	67.8	26.7	66.3	40.3	10.4	41
	Carter Young	230	0.149	0.206	67.8	33.1	76.1	34.3	7	11.9
	José Rodríguez	104	0.176	0.308	67.8	36.6	86.2	12.5	5.8	29.7
	Jose Fernandez	505	0.165	0.335	67.7	44.3	78.2	20.2	6.3	30.9
	Ruben Ibarra	396	0.202	0.353	67.7	28	75.7	25.3	11.9	41.4
	Ben Malgeri	280	0.187	0.356	67.7	26.5	84.8	17.9	8.2	20.8
	Wyatt Hoffman	208	0.163	0.205	67.7	38.8	78.9	35.1	9.1	25
	Juan Chacon	148	0.176	0.28	67.7	25.7	71.3	26.4	9.5	30.4
	A.J. Ewing	129	0.156	0.354	67.7	25.1	89.4	20.9	5.4	27.9
	Chandler Seagle	123	0.149	0.191	67.7	37.5	76.7	34.1	4.9	6.7
	Omar De Los Santos	122	0.12	0.254	67.7	36.2	71.1	41.8	3.3	37.9
	Josh Hood	413	0.15	0.266	67.6	35.6	78.3	30.3	7.3	36.4
	Brennan Milone	390	0.199	0.336	67.5	25.9	81.8	22.3	13.1	33.1
	Guy Lipscomb	370	0.188	0.294	67.5	32	86	16.5	9.7	36.1
	Brenden Dixon	217	0.185	0.254	67.5	24.2	69.5	29	12.4	30
	Miguel Bleis	114	0.156	0.238	67.5	35.4	77.3	26.3	5.3	45.9
	Adam Retzbach	444	0.181	0.312	67.4	27.7	72.9	31.5	10.1	39.7
	Tucker Mitchell	171	0.13	0.223	67.4	45.1	75.8	28.7	1.2	22.4
	Henry Bolte	347	0.192	0.353	67.3	34.6	72.1	27.4	11.8	21.5
	Miguel Ugueto	195	0.153	0.266	67.3	46.8	88.6	12.8	2.1	22.6
	Bill Knight	559	0.183	0.288	67.2	32.5	83.1	20.8	7.9	27.3
	Ethan Workinger	489	0.183	0.303	67.2	26.9	81.6	18.2	8.8	36.2
	Cal Mitchell	156	0.16	0.232	67.2	26.6	74.2	29.5	9	31.3
	Travis Blankenhorn	251	0.183	0.286	67.1	25.1	76.6	27.1	10.8	34.9
	Frederick Bencosme	228	0.183	0.254	67.1	26	83.3	16.2	8.8	27.9
	Noah Miller	111	0.159	0.312	67.1	44.8	88	21.6	5.4	35.1
	Edwin Díaz	106	0.198	0.369	67.1	27.4	76.9	23.6	12.3	50
	Payton Green	103	0.192	0.299	67.1	28.1	83	22.3	10.7	47.1
	Nathan Martorella	397	0.195	0.285	67	26.5	83.2	18.9	12.1	40.9
	Mikey Romero	298	0.165	0.323	67	31	80.5	24.8	7.7	29.6
	Viandel Pena	175	0.157	0.274	67	26.3	78.7	26.3	7.4	31.4
	Christian Moore	146	0.192	0.302	67	21.8	69.2	27.4	14.4	11.9
	Jheremy Vargas	319	0.175	0.243	66.9	23.3	86.5	20.1	8.2	9.2
	Ezequiel Pagan	306	0.168	0.297	66.9	40.6	83	17.3	4.9	39.8
	Esmerlyn Valdez	210	0.199	0.339	66.9	20.5	79.3	24.8	11.9	41.5
	Ricardo Genovés	91	0.148	0.241	66.9	34.5	71.8	33	6.6	25
	Tyler Hardman	451	0.156	0.323	66.8	30.7	73.7	31	8.4	30.5
	Carlos Mendoza	345	0.232	0.346	66.8	20.3	87	10.4	14.2	22.6
	Peyton Williams	325	0.152	0.275	66.8	28.4	73.1	31.7	8	29.4
	Jose Torres	272	0.157	0.317	66.8	39.5	72.5	32.4	8.1	31.5
	Jose Ramos	244	0.168	0.302	66.8	36	64	32	9.8	16.7
	Eduardo Valencia	218	0.174	0.368	66.8	28.2	80.9	20.6	7.3	28.9
	Spencer Bramwell	145	0.134	0.229	66.8	37.8	72.7	39.3	6.9	19.4
	Gregory Barrios	293	0.174	0.259	66.7	33.1	89.5	14	6.1	7.8
	Carson Roccaforte	209	0.186	0.379	66.7	27.1	73.9	28.2	12.4	32.4
	Braedon Karpathios	84	0.157	0.326	66.7	37.8	81	33.3	9.5	18.5
	Manuel Palencia	79	0.146	0.235	66.7	27.8	78.6	21.5	3.8	3.4
	Nic Kent	385	0.185	0.272	66.6	31.6	81.3	20.8	8.6	20.3
	Christian Cerda	385	0.206	0.339	66.6	34.7	81	17.4	13.2	35.4
	Kaelen Culpepper	267	0.191	0.364	66.6	35.5	84.9	18.7	8.6	31.8
	Jared Wegner	174	0.166	0.233	66.5	27.4	74.6	35.1	8.6	32.6
	Zach Morgan	112	0.202	0.26	66.5	27.9	91.2	12.5	9.8	32.6
	Charles McAdoo	489	0.166	0.317	66.4	30.6	75.4	28	9.2	30.9
	Justice Bigbie	455	0.192	0.338	66.4	25.8	85.3	15.4	10.3	11.1
	Allan Castro	390	0.19	0.332	66.4	25.3	82.9	20.3	11.3	22.2
	Brock Jones	247	0.226	0.336	66.4	21.6	63.7	34.4	19.8	54.7
	Jack Rogers	160	0.192	0.325	66.4	27.9	77	25.6	13.8	13.9
	Yeiner Fernandez	441	0.197	0.285	66.3	37.5	89.4	11.1	8.4	17.2
	Juan Guerrero	412	0.177	0.281	66.3	35.7	81.7	15	7.8	32.8
	Rafael Flores	369	0.166	0.362	66.3	28.8	74.1	25.2	8.1	21
	Jeron Williams	214	0.175	0.291	66.3	40.4	87.1	20.6	7	20
	Nathan Church	130	0.185	0.401	66.3	41.5	94.1	7.7	6.2	26.5
	Dylan Campbell	267	0.187	0.288	66.2	27.5	76.3	19.1	10.5	29.3
	Orlando Martinez	264	0.191	0.32	66.2	28.9	84	17	10.6	26.2
	Ripken Reyes	224	0.234	0.3	66.2	25.5	91.1	10.7	13.4	38.3
	Damon Keith	364	0.161	0.295	66.1	29.1	68	30.5	9.1	24.8
	Eliezer Alfonzo	217	0.179	0.281	66.1	30.4	86.5	12.9	7.4	31
	Gavin Cross	504	0.155	0.305	66	35.1	79.1	26	6.5	40.3
	Zavier Warren	475	0.184	0.303	66	22.2	80.8	23.8	10.9	38.4
	Joshua Baez	334	0.207	0.376	66	37.7	79.9	20.1	12.3	28.2
	Trei Cruz	323	0.221	0.375	66	22	77.8	20.4	16.7	31.1
	Shane Sasaki	271	0.177	0.276	66	31.7	79.3	25.8	11.1	15.7
	Brooks Brannon	160	0.159	0.302	66	32.9	73	33.8	9.4	18.4
	Karson Simas	239	0.162	0.265	65.9	33	75.3	26.4	7.5	25.4
	Julio Carreras	122	0.167	0.285	65.9	34	69.6	31.1	9	29.6
	Drew Compton	449	0.172	0.299	65.8	24.7	80.6	26.1	10	25.4
	Jalen Vasquez	198	0.168	0.217	65.8	23.9	81.1	28.8	9.6	28.8
	Jim Jarvis	404	0.193	0.296	65.7	23.9	85.8	12.9	8.2	28.1
	Rowdey Jordan	172	0.149	0.295	65.7	35.5	71	32	6.4	26.5
	Jared Serna	439	0.191	0.266	65.6	24.9	81.8	15.5	9.6	16.7
	Cade Hunter	246	0.185	0.291	65.6	24.2	77.5	27.6	12.2	30.5
	Dub Gleed	98	0.195	0.319	65.6	22.4	83.2	19.4	11.2	47.8
	Caleb Ricketts	233	0.165	0.309	65.5	32.5	84.4	18.5	6	40.7
	Blaze Jordan	176	0.219	0.402	65.5	27.6	83.7	10.8	12.5	30.6
	Euribiel Angeles	361	0.196	0.333	65.4	32.4	90	10.8	8.9	29.7
	Kervin Pichardo	358	0.177	0.275	65.4	27.1	75.4	26.8	9.8	22.7
	Drew Swift	291	0.185	0.253	65.4	27.4	83.9	24.4	11.3	9.1
	Caleb Ketchup	132	0.149	0.181	65.4	31.5	71.9	34.1	8.3	36.8
	Keshawn Ogans	114	0.209	0.244	65.4	28.7	82.4	19.3	13.2	18.5
	Nick Morabito	488	0.179	0.324	65.2	25.5	82.8	23.4	9.6	22.6
	Robert Moore	317	0.179	0.268	65.2	28.6	82.1	24	10.1	32.4
	Carter Aldrete	222	0.157	0.267	65.2	37.2	73.4	24.3	6.8	19.4
	JT Schwartz	331	0.203	0.285	65.1	27.3	83.8	17.2	11.5	20.6
	Maxwell Romero Jr.	312	0.15	0.254	65.1	29.5	73.4	35.3	7.4	41.2
	Luke Mann	464	0.181	0.284	65	36.8	69.2	30	11.2	36.8
	Junior Perez	407	0.193	0.313	65	29	71.4	28.5	14	24.8
	Brendan Jones	336	0.206	0.343	65	22.7	80.6	20.5	15.2	34.2
	Keaton Anthony	202	0.171	0.384	65	27.6	84.7	19.8	6.9	15.4
	Ronaiker Palma	83	0.163	0.203	65	37	88.2	14.5	4.8	16.7
	Devin Ortiz	530	0.187	0.288	64.9	30.9	82	18.3	9.6	27.9
	Leonardo Bernal	450	0.193	0.319	64.9	38.7	78.5	16.4	10.4	24.8
	Joe Lampe	447	0.183	0.316	64.9	24.1	80.4	23.9	10.1	33.1
	Duce Gourson	221	0.185	0.357	64.9	21.5	81	26.7	10.4	26
	Spencer Jones	208	0.19	0.417	64.9	28.3	67	33.7	15.4	29.2
	Jase Bowen	198	0.16	0.322	64.9	31.1	73.9	31.8	8.6	28.6
	Cole Conn	174	0.184	0.277	64.9	35.2	79.8	25.3	9.8	24.4
	Cameron Cauley	491	0.174	0.332	64.8	40.8	75.8	24.6	9.6	22
	Hendry Mendez	488	0.218	0.367	64.8	23.2	89.5	13.1	13.5	29.6
	Hogan Windish	319	0.173	0.255	64.8	31.2	72.9	30.7	9.7	25.6
	Delino DeShields	128	0.191	0.303	64.8	21.7	74.7	27.3	12.5	10.8
	Hayden Cantrelle	119	0.225	0.344	64.8	18.5	77.8	29.4	20.2	20.5
	Jace Bohrofen	335	0.175	0.305	64.7	26.3	68.8	34	12.5	33.3
	Nick Raposo	333	0.193	0.3	64.7	31.1	86.1	18.6	10.5	31.1
	Cade Bunnell	165	0.18	0.264	64.7	20.2	70.6	35.8	13.9	26.1
	Jett Williams	425	0.206	0.376	64.6	20	78.9	22.6	14.6	26.6
	David Mershon	271	0.213	0.245	64.6	19.2	76.6	25.8	17.3	15.7
	Chris Suero	174	0.219	0.322	64.6	20.6	75.4	30.5	16.7	40.5
	Noah Cardenas	127	0.238	0.371	64.6	30.4	83.6	19.7	17.3	47.5
	Aeverson Arteaga	472	0.152	0.223	64.5	34.6	82.3	26.1	6.1	30.1
	Mike Jarvis	204	0.16	0.235	64.5	31.5	80	24.5	5.9	34.8
	Termarr Johnson	503	0.195	0.329	64.4	24.3	79.7	18.3	11.7	28.4
	Nelson Rada	387	0.203	0.323	64.4	23.2	81.3	20.9	11.6	13.3
	Dominic Pitelli	353	0.171	0.245	64.4	32.2	78.3	32.9	11	22.3
	Joe Naranjo	414	0.205	0.294	64.3	18.9	79.1	23.2	14.7	18
	Adrián Sugastey	357	0.18	0.274	64.3	32.1	88.2	10.9	6.7	27.7
	Charlie Condon	234	0.191	0.353	64.3	27.9	73.7	28.2	10.7	37.3
	Travis Bazzana	228	0.199	0.348	64.3	16.3	83.7	24.1	12.7	41
	Caleb Roberts	433	0.183	0.313	64.2	37.2	79.6	23.6	9.9	32.6
	Max Ferguson	393	0.208	0.278	64.2	21	78.4	21.6	15	33
	Max Burt	215	0.169	0.26	64.2	34.2	77.7	26	6	29.6
	Jackson Hornung	214	0.16	0.34	64.2	30.8	72.1	34.1	9.8	21.7
	Josue Briceño	193	0.195	0.308	64.2	27.8	82.7	23.3	13	24.2
	Grant Richardson	165	0.137	0.279	64.2	27.4	62.7	40.6	7.9	26.2
	Jalen Battles	76	0.139	0.176	64.2	32.7	67	35.5	2.6	0
	Jay Allen II	481	0.178	0.287	64.1	29.3	78.4	24.3	8.9	24
	Darlin Moquete	291	0.172	0.296	64.1	39.9	76.3	22.7	7.6	47.9
	Je'Von Ward	195	0.16	0.301	64.1	20.6	74.8	30.8	9.2	35.9
	Jonah Advincula	150	0.209	0.246	64.1	20.8	87.8	16	13.3	23.4
	Carson Benge	145	0.201	0.416	64.1	24.5	82.5	15.9	12.4	26.2
	Alex Stone	107	0.156	0.212	64.1	36	85.8	21.5	4.7	33.3
	Elio Prado	90	0.156	0.251	64.1	25.1	71.5	35.6	8.9	12
	Romeo Sanabria	496	0.163	0.299	64	36.6	82.2	21.4	7.7	28.2
	Victor Bericoto	389	0.184	0.337	63.9	29	79.3	23.4	10.8	28.8
	Colby Halter	379	0.192	0.352	63.9	35.6	76.1	26.6	13.2	38.5
	Kyle Karros	234	0.205	0.374	63.9	32.9	78.4	19.2	13.7	24.7
	Mark Kolozsvary	83	0.176	0.311	63.9	23.9	68.3	30.1	10.8	18.2
	Chris Newell	546	0.183	0.337	63.8	35.4	68.4	30.8	13.7	44.2
	Caleb Cali	442	0.165	0.298	63.8	32.8	79.4	31.2	9.7	32.3
	Sam Ruta	293	0.17	0.302	63.8	29.3	66.7	37.2	11.9	23.8
	Logan Cerny	159	0.162	0.222	63.8	31.3	78.4	30.2	7.5	27
	Rubel Cespedes	398	0.183	0.31	63.7	40.7	82.3	16.8	8.8	34.3
	Anthony Servideo	351	0.178	0.227	63.6	22.2	72.6	30.5	12.3	16.5
	Eric Brown Jr.	110	0.167	0.212	63.6	36.1	87.1	22.7	8.2	32.3
	Travis Swaggerty	76	0.165	0.236	63.6	20.3	68.9	31.6	10.5	16.7
	Ethan Murray	258	0.217	0.362	63.5	22.2	82.1	22.5	15.1	40.7
	Scott Bandura	182	0.179	0.285	63.5	24.1	74.9	30.2	12.1	28.3
	Ben Ramirez	139	0.138	0.234	63.5	41.7	77.2	30.2	5	24.4
	Ryan Ignoffo	125	0.181	0.371	63.5	26.2	88	13.6	7.2	25
	Ben McLaughlin	112	0.201	0.431	63.5	35.9	79.6	19.6	12.5	37.5
	Austin Deming	129	0.137	0.261	63.3	32.4	68.4	42.6	8.5	32.4
	Konnor Griffin	93	0.193	0.405	63.3	27.9	79	23.7	6.5	30.3
	Abimelec Ortiz	393	0.193	0.344	63.2	39.4	71.8	22.1	11.2	47.4
	Alex Binelas	266	0.188	0.344	63.2	24.1	72.5	27.4	13.5	28
	Leo De Vries	98	0.188	0.352	63.2	41.5	83.3	20.4	10.2	37.5
	Marvin Alcantara	354	0.179	0.26	63.1	27.2	83.9	16.1	8.5	26.7
	Carter Jensen	308	0.177	0.341	63.1	25.2	81.1	22.7	9.7	23
	Sahid Valenzuela	155	0.184	0.301	63.1	47.6	87.6	15.5	5.8	20.4
	Pedro Ramirez	564	0.187	0.322	63	25.2	88.7	15.1	8.2	24.1
	Ricardo Olivar	407	0.199	0.339	63	36.2	80.5	18.2	12	34.8
	Andy Weber	109	0.16	0.316	63	40.1	74.8	27.5	7.3	34.2
	Douglas Hodo III	431	0.19	0.294	62.9	24.9	81.3	29.2	12.5	40.8
	Drew Ehrhard	220	0.176	0.28	62.9	30.9	81.4	19.1	7.3	38
	Anthony Vilar	381	0.19	0.289	62.8	30.3	74.9	26.5	12.9	34.9
	Paul McIntosh	233	0.19	0.345	62.8	23.5	81.6	17.2	9.9	29.9
	Fenwick Trimble	224	0.215	0.336	62.8	19.5	84.5	19.2	12.9	42.4
	Maddux Houghton	77	0.158	0.342	62.8	36.7	77.5	27.3	7.8	19
	George Lombard Jr.	468	0.203	0.315	62.7	17.9	76.8	26.1	13.7	19.2
	Tanner Schobel	234	0.201	0.362	62.7	30.3	83.5	14.1	10.7	31.1
	Cody Milligan	225	0.203	0.27	62.7	21.6	77.9	29.3	15.1	18.6
	Hudson Head	93	0.145	0.167	62.7	29.3	75.4	34.4	6.5	36
	Nick Podkul	92	0.197	0.239	62.7	30.4	77.9	34.8	15.2	18.2
	Luis Verdugo	171	0.178	0.254	62.6	20.8	74.1	27.5	10.5	10.2
	Ben Ross	489	0.187	0.295	62.5	34.5	79.9	22.7	11.2	34.9
	Luis Lara	611	0.217	0.326	62.4	23.5	88.8	15.9	14.1	18
	Ronaldo Hernández	101	0.166	0.255	62.4	37.3	82.1	22.8	7.9	26.7
	Jesus Valdez	76	0.186	0.358	62.4	39.2	82.4	23.7	6.6	34.8
	Korey Holland	156	0.16	0.257	62.3	25.7	75.3	32.1	9.6	26.1
	Jason Matthews	254	0.205	0.259	62.2	21.8	79.4	22.8	13.8	31.1
	Nick Cimillo	452	0.184	0.34	62.1	24.4	81.6	21.2	9.7	30.1
	Tommy Troy	399	0.204	0.367	62.1	34.7	76.5	17.5	12.3	21
	Brayan Buelvas	271	0.161	0.261	62	36.1	71.6	31.7	8.1	25.3
	Brandon Butterworth	139	0.214	0.311	62	26.8	79.4	14.4	11.5	36
	Sam Praytor	149	0.204	0.284	61.9	24.5	78.8	19.5	12.1	25.6
	Thomas Gavello	99	0.157	0.319	61.9	24.7	83	29.3	6.1	40.5
	Aaron Bracho	149	0.165	0.263	61.8	42.7	78.2	23.5	7.4	38.3
	Michael Turner	113	0.184	0.336	61.8	24.8	85.2	29.2	13.3	21.9
	Dyan Jorge	440	0.179	0.239	61.7	30.5	83.2	20	8.6	8.9
	Aaron McKeithan	139	0.217	0.262	61.7	23.2	88.8	15.1	12.9	26.7
	John Rhodes	426	0.195	0.278	61.6	31.4	73.7	25.4	12.7	35.3
	Jhostynxon Garcia	138	0.2	0.331	61.6	30.3	86.7	21	13	30.6
	Cole Gabrielson	272	0.182	0.283	61.5	23.9	71.4	35.3	13.6	19.4
	Nate Nankil	163	0.171	0.272	61.5	36.9	70.2	19.6	6.7	18.6
	Mitch Jebb	513	0.204	0.299	61.4	18.2	91.9	10.9	11.5	12.8
	Rikuu Nishida	498	0.232	0.326	61.4	21.3	87.6	13.9	14.9	5.8
	Zach Cole	355	0.169	0.371	61.4	28.7	68.5	36.3	11.8	25.5
	Josh Zamora	343	0.191	0.277	61.4	29.4	77.9	16.9	9.6	29.1
	Jake Rucker	318	0.196	0.3	61.4	33.5	81.8	13.2	9.4	20.9
	Robert Brooks	127	0.162	0.208	61.4	24.5	66	33.1	8.7	28.9
	Cortland Lawson	114	0.16	0.234	61.4	23.1	83	26.3	6.1	20.6
	Luis Castro	103	0.174	0.302	61.4	35.6	77.3	30.1	8.7	56
	Cooper Pratt	524	0.212	0.311	61.3	26.9	85.6	14.9	12.8	23.4
	Corey Joyce	384	0.214	0.338	61.3	17.1	82.6	20.8	14.6	15.3
	Mario Camilletti	328	0.195	0.288	61.3	22.5	84.5	23.8	13.1	18.6
	Colton Becker	83	0.216	0.413	61.3	35.9	85.7	13.3	13.3	20
	Brayden Taylor	435	0.189	0.263	61.2	19.3	78.9	27.6	13.6	42.4
	Jacob Reimer	251	0.196	0.37	61.2	23.3	79.7	23.1	10.4	34.5
	Spencer Nivens	513	0.197	0.311	61.1	23.5	76.2	21.1	13.5	21.7
	Jake Holton	457	0.186	0.363	61.1	21.5	79.7	25.2	11.6	36.2
	Aidan Miller	484	0.21	0.357	61	19.5	82.1	24	14.7	36.4
	Ramon Mendoza	401	0.213	0.368	60.9	31.5	80.8	19.5	14.5	30.1
	Dasan Brown	276	0.181	0.248	60.9	23.1	75.7	30.4	11.6	25.8
	Casey Opitz	213	0.178	0.268	60.8	18.4	74.2	29.6	10.8	37.7
	Kobe Kato	195	0.198	0.285	60.8	19	73.9	30.8	15.4	35.5
	Will Simpson	477	0.174	0.282	60.7	26.7	81.4	22.4	8.8	24.7
	Blake Rambusch	386	0.203	0.308	60.7	27.8	90.4	15.5	11.4	8.8
	Wes Clarke	279	0.246	0.368	60.7	15.8	77	19.7	22.2	33.7
	Jack Brannigan	239	0.191	0.308	60.7	19.7	79.9	25.9	10.5	37.6
	Jared Dickey	141	0.2	0.339	60.7	36.2	76.7	14.9	11.3	30.5
	Andrew Cossetti	348	0.214	0.357	60.6	29.1	69.9	27	14.9	43
	Wyatt Young	334	0.214	0.301	60.6	22.2	86.6	19.8	16.2	12.5
	Turner Hill	310	0.216	0.315	60.6	18.4	91.1	10.3	11.6	25.6
	Jefferson Rojas	172	0.203	0.233	60.6	25.2	87.6	19.8	11.6	34.7
	C.J. Stubbs	156	0.168	0.227	60.6	29.6	65.6	39.7	12.2	29.7
	Michael Turconi	85	0.194	0.222	60.6	18.1	68.3	37.6	16.5	10.5
	Walker Jenkins	236	0.223	0.398	60.5	37.3	80.2	18.6	14.4	40.7
	Trey Paige	232	0.188	0.314	60.5	36.2	75.6	25.4	12.5	26.8
	Jaylen Palmer	433	0.177	0.306	60.4	23	70.2	34.9	12.2	15.5
	Jared Thomas	189	0.172	0.313	60.4	28.4	67	34.9	12.2	33.9
	Tyler Dearden	134	0.187	0.323	60.4	41.9	85.1	17.9	9	18.4
	Francisco Acuna	474	0.196	0.317	60.3	30.2	83	22.4	11.4	34.9
	Zach Ehrhard	392	0.201	0.333	60.3	22.9	83.6	17.3	10.5	32.1
	Parker Chavers	248	0.21	0.305	60.2	28.2	86.9	19.4	14.5	13.7
	Wyatt Hendrie	136	0.231	0.279	60.2	12.7	82.1	22.1	16.2	22.9
	Ryan Johnson	98	0.128	0.308	60.2	32.3	70	40.8	4.1	31
	LuJames Groover	541	0.208	0.365	60.1	30.6	84.8	14.4	11.6	24.4
	Kyler Fedko	380	0.215	0.375	60.1	28.6	75.3	20.8	15.3	35
	Diego Velasquez	561	0.211	0.302	60	20.3	90.3	14.4	12.3	24.1
	Sean McLain	435	0.197	0.273	60	34.1	81.7	21.6	11	27.1
	Griffin Lockwood-Powell	329	0.212	0.311	60	27.6	79.2	19.8	15.8	24.8
	Enrique Bradfield Jr.	208	0.219	0.346	60	14.2	84	17.8	15.4	13.6
	Matt Coutney	97	0.17	0.245	60	29.3	71.8	24.7	8.2	21.7
	John Garcia	315	0.196	0.271	59.9	32.4	78.1	28.6	12.4	23.5
	Ryan Waldschmidt	296	0.219	0.4	59.9	29.2	72.3	17.6	14.9	30.6
	Cade Fergus	280	0.161	0.261	59.9	23.5	62	45.7	11.1	32.3
	Mike Boeve	303	0.19	0.299	59.8	23.4	82.5	22.4	11.2	25
	Eduardo Garcia	125	0.172	0.25	59.8	25.7	79.1	29.6	11.2	37.5
	Kristian Robinson	337	0.19	0.346	59.7	30.6	67.8	30	13.6	25.9
	RJ Schreck	169	0.217	0.396	59.7	21.8	85.7	23.7	15.4	54
	Sonny DiChiara	121	0.199	0.257	59.6	26.9	75.4	30.6	14	53.6
	Connor Burns	89	0.184	0.227	59.5	25.8	56.6	44.9	18	12.5
	James Tibbs III	301	0.207	0.323	59.4	23.1	80.2	24.9	15.3	19.4
	Michael Snyder	239	0.212	0.32	59.1	22.2	85.9	19.2	14.2	18.8
	Alex Ramírez	191	0.174	0.273	59	26.3	79.8	26.2	9.9	17.8
	Imanol Vargas	121	0.203	0.278	58.9	25.1	79.6	28.1	16.5	23.7
	Christian Knapczyk	114	0.205	0.298	58.9	25	84.6	18.4	13.2	23.7
	Frainyer Chavez	393	0.189	0.304	58.8	32.4	79	21.9	11.5	29.9
	Trent Farquhar	154	0.224	0.289	58.8	13.2	85.1	16.2	16.2	26.2
	Dylan Jasso	533	0.173	0.319	58.7	27.5	78.6	24	7.7	20.3
	Carter Howell	440	0.184	0.285	58.7	25.1	86.2	21.6	8.2	25.1
	Dayan Frias	292	0.201	0.315	58.7	24.2	80.7	27.7	14.7	31.7
	Shawn Ross	114	0.167	0.261	58.7	18.9	68.1	42.1	13.2	42.3
	Tres Barrera	113	0.216	0.247	58.7	31.8	76.5	21.2	15	32.1
	Ryan Clifford	437	0.198	0.365	58.6	21.5	79.8	25.6	14.4	32.6
	Alejandro Osuna	170	0.2	0.322	58.3	36.2	86.9	14.7	7.6	11.9
	Javier Vaz	467	0.22	0.304	58.1	22.9	91.4	9	11.3	25.4
	Chase Davis	493	0.194	0.318	58	30.7	67.7	29.4	13.2	27.2
	Noah Mendlinger	363	0.233	0.333	58	28.7	90.5	9.4	12.7	23
	Sam Antonacci	212	0.246	0.366	57.9	16	86	15.1	12.7	16.7
	Keyber Rodriguez	476	0.172	0.278	57.8	41.1	84.3	18.9	7.8	25.7
	Cam Collier	304	0.195	0.331	57.8	24.4	79.9	28.3	14.8	25.9
	Rudy Martin	286	0.194	0.341	57.8	25.1	88.5	20.6	11.9	25
	Jake Thompson	218	0.204	0.299	57.8	29.2	81.4	22.9	14.7	29.6
	Matt O'Neill	103	0.208	0.334	57.8	20.7	74.1	25.2	15.5	20.7
	Matthew Wood	246	0.213	0.346	57.7	15.6	87.9	13.4	12.2	38.6
	Taylor Young	575	0.213	0.293	57.6	25.7	89.5	15.8	13.4	13.5
	Kyle Hayes	138	0.213	0.271	57.6	21.5	71.1	32.6	13.8	36.4
	Myles Emmerson	304	0.178	0.277	57.5	25	79.5	25	9.5	25.8
	Max Clark	197	0.214	0.35	57.5	19	88.3	16.8	14.7	27.3
	Jax Biggers	251	0.23	0.315	57.4	31.7	84.2	21.5	19.5	40.8
	Joe Redfield	116	0.185	0.252	57.4	29.9	81.1	25	9.5	20
	Keith Jones II	197	0.181	0.314	57.3	30	76.4	25.9	11.2	16.7
	Connor Charping	176	0.23	0.346	57.3	23.4	85.1	15.3	14.8	15.4
	Haydn McGeary	93	0.186	0.274	57.3	24.1	80.5	33.3	15.1	5.3
	Justin Wishkoski	289	0.191	0.297	57.2	28.1	84.6	21.5	8.7	34
	Bryce Willits	175	0.188	0.269	57.2	31.9	89	20.6	10.9	21.8
	JJ Wetherholt	275	0.234	0.392	57.1	32.1	84.2	14.5	16	17.9
	Carlos Linarez	150	0.138	0.286	57.1	40	68.9	40	8	19.5
	Joseph Sullivan	139	0.223	0.298	57.1	17.4	80.1	30.2	16.5	26.7
	Anthony Sherwin	108	0.138	0.199	57.1	27.7	62.9	47.2	10.2	25
	Kendall Simmons	120	0.158	0.275	56.9	36.3	78.9	29.2	6.7	29
	Kyle Nevin	204	0.173	0.316	56.8	34.8	84.7	23	9.3	15.9
	Xavier Isaac	175	0.222	0.358	56.8	19.2	72.5	29.7	19.4	20.5
	Cody Morissette	270	0.187	0.288	56.7	27.8	83.8	21.5	11.9	26.4
	Caden Connor	391	0.194	0.313	56.6	27.9	90.9	15.1	11	22.1
	Ian Moller	287	0.179	0.276	56.6	31.4	74.3	28.9	12.2	19
	Nick Dunn	177	0.222	0.324	56.4	24.7	92.4	6.8	13	30.3
	Sabin Ceballos	416	0.2	0.299	56.3	22.4	88.2	17.5	11.1	33.8
	Darrien Miller	312	0.244	0.328	56.3	16	81.9	24.7	18.3	39.1
	Sebastian Walcott	549	0.202	0.331	56.2	36.9	80.6	19.5	12.8	34
	Tavian Josenberger	254	0.213	0.288	56.2	17.7	80.9	24.8	16.5	46
	Dustin Dickerson	403	0.205	0.287	56	22.5	83.7	23.8	14.6	18.5
	Omar Alfonzo	189	0.172	0.286	55.9	31.3	80.8	29.6	10.1	34
	Joshua Kuroda-Grauer	180	0.206	0.337	55.9	37.4	90.7	6.7	7.8	10.8
	Silas Ardoin	265	0.208	0.297	55.8	19.1	77.1	27.9	16.6	25.8
	Shane McGuire	241	0.217	0.34	55.8	25.5	78.9	19.5	14.9	28.8
	Yohendrick Pinango	192	0.208	0.4	55.5	19.5	83.1	21.9	14.1	30.5
	Aaron Zavala	468	0.194	0.343	55.3	32.4	73.9	29.5	14.1	31.5
	Nate Baez	213	0.179	0.301	55.2	33.2	75.3	16.4	6.1	28.4
	Cooper Ingle	404	0.219	0.365	54.7	18.8	86	17.3	16.1	33.6
	Will Bush	99	0.229	0.309	54.6	23.4	75.5	21.2	14.1	30.4
	Jake Fox	331	0.208	0.288	54.5	22.1	86.5	22.1	15.7	32.1
	Devonte Brown	219	0.204	0.301	54.5	20.8	78.5	28.8	15.5	33.9
	Trevor Austin	320	0.202	0.296	54	24.4	82.8	21.9	11.6	16.4
	Ahbram Liendo	459	0.178	0.283	53.9	25.7	82.7	24.2	9.8	23.2
	Kala'i Rosario	576	0.189	0.366	53.7	31.4	75.5	27.4	12.7	36.3
	Tatem Levins	393	0.233	0.358	53.3	17.2	79.4	24.7	19.3	30
	Lucas Spence	139	0.221	0.345	53	17.3	76.7	24.5	18	38.9
	Brett Bateman	392	0.21	0.314	52.6	17.4	84.6	20.7	15.3	11.9
	Tres Gonzalez	270	0.204	0.297	52.3	18.9	89.9	18.1	11.5	20.5
	Kole Myers	316	0.202	0.345	52.2	29.2	78.5	22.5	12.7	17.5
	Damon Dues	76	0.256	0.381	52.1	24.6	80.8	18.4	23.7	4.3
	Marcus Smith	162	0.146	0.219	51.4	23.6	63.9	43.8	9.9	25
	Brock Wilken	342	0.228	0.381	51.2	17.7	78.8	27.2	20.2	41.7
	Clark Elliott	310	0.218	0.363	48.7	30.6	74.9	21	15.2	34.5
	Luke Adams	278	0.25	0.383	47.7	17.5	81	21.6	15.5	47.1