batter_name	Levels	Age	Team	AB	AVG	HR	OBP	SLG	K%	BB%	wRC+	player id	pa	z-swing %	Chase %	Zone-whiff	K %	BB %	ground_ball_percent	fly_ball_percent	line_drive_percent	pop_up_percent	pulled_fly_ball_percent
Danyer Cueva	A+	21	TEX	113	0.248	1	0.287	0.33	0.20	0.049	81.81269323	#N/A	123	90.8	45	19.7	20.3	4.9	61.5	20.9	17.6	0	11.4
Brandon Pimentel	A+	25	WSN	180	0.194	1	0.256	0.26	0.22	0.036	60.477265	#N/A	124	86.5	42.5	26.6	22.1	3.2	44	25.4	20.9	9.7	33.9
Luis Encarnacion	A+,AA	22	HOU	72	0.236	1	0.309	0.33	0.27	0.099	79.53175494	#N/A	125	86.1	38.3	29.5	27.2	9.9	35.3	23.5	33.3	7.8	31
Alec Makarewicz	A+,AA	24	CHW	390	0.228	11	0.301	0.39	0.26	0.089	104.8455732	#N/A	126	83.5	45	24.7	26.5	8.9	38	32.6	19.4	10	43.4
Johnfrank Salazar	A,A+,CPX	21	STL	111	0.225	0	0.273	0.27	0.14	0.050	54.74753942	#N/A	127	82.8	47.3	16.9	13.9	4.9	52.1	25	15.6	7.3	12.8
Armando Cruz	A+	21	WSN	305	0.177	1	0.222	0.23	0.23	0.051	39.55759812	#N/A	128	81.6	34.5	17.9	22.5	5.1	41.7	32.1	15.8	10.4	25.2
Maddux Houghton	A,A+,AA,AAA	26	MIN	98	0.265	3	0.351	0.43	0.28	0.108	123.4184149	#N/A	129	81.4	32.1	25.7	27.9	10.8	38.8	37.3	19.4	4.5	18.4
Fraymi De Leon	A,A+,AA	20	BOS	102	0.157	0	0.263	0.22	0.28	0.085	49.62707676	#N/A	130	81.2	36.2	25.8	27.7	8.4	52.9	20	18.6	8.6	37
Alejandro Nunez	A+	20	HOU	360	0.269	8	0.321	0.40	0.24	0.065	98.79517624	#N/A	131	81.1	40.5	18.4	23.8	6.5	39.6	30.5	21.5	8	30.8
Abel Bastidas	A,A+,AA	21	DET	80	0.300	1	0.333	0.41	0.31	0.048	116.9131936	#N/A	132	80.4	33.8	29.7	31.3	5	49	17.6	27.5	5.9	26.1
Gabriel Gonzalez	A+,AA,AAA	21	MIN	138	0.319	5	0.378	0.53	0.14	0.083	153.2178332	694224	133	80.2	34	10.2	14.1	8.3	48.7	23.5	21	6.7	24.5
Bryson Horne	A+	26	ATL	187	0.176	5	0.245	0.28	0.30	0.077	63.94965932	#N/A	134	80.2	38	27.9	29.8	7.7	42.2	34.4	19.5	3.9	20.3
Jared McKenzie	A+,AA	24	WSN	194	0.201	4	0.242	0.31	0.28	0.043	65.97762709	#N/A	135	80	35.9	24.7	28.4	4.3	40.6	29	24.6	5.8	27
Johnathon Thomas	A+,AA	25	WSN	87	0.230	0	0.302	0.32	0.18	0.071	90.14803131	#N/A	136	79.1	40.9	21.7	18.2	7.1	50.7	19.7	21.1	8.5	20.7
Aneudis Mordán	#N/A	#N/A	#N/A	#N/A	#N/A	#N/A	#N/A	#N/A	#N/A	#N/A	#N/A	#N/A	137	78.9	31.8	21.9	25.1	9	32.9	31.5	18.9	16.8	20.8
Jakob Christian	A,A+	22	SFG	79	0.304	4	0.380	0.57	0.35	0.087	155.2270294	#N/A	138	78.7	35.2	34	34.8	8.7	42.9	28.6	28.6	0	42.9
Brett Callahan	A+,CPX	23	DET	201	0.259	9	0.316	0.47	0.22	0.062	123.4852959	#N/A	139	78.7	35.1	16.2	22.5	6.3	41.2	32	23.5	3.3	29.4
Angel Mateo	A,A+	20	TBR	79	0.241	1	0.337	0.35	0.15	0.076	108.7978191	#N/A	140	78.7	28.3	16.1	15.7	6.7	28.6	28.6	25.4	17.5	38.2
Zach Arnold	A+,AA	24	PHI	277	0.202	9	0.272	0.33	0.27	0.066	83.33464302	#N/A	141	78.5	33.7	28.7	26.6	6.6	43.7	24.9	22.3	9.1	19.4
Isaiah Drake	A,A+	19	ATL	122	0.303	1	0.346	0.34	0.18	0.062	112.9746067	#N/A	142	78.4	34.9	15.9	17.3	6.3	50.5	18.6	21.6	9.3	28.2
Garrett Pennington	A,A+	24	DET	134	0.321	2	0.383	0.48	0.21	0.047	150.3068776	#N/A	143	78.2	38.3	20.5	21.4	4.8	43	25	25	7	30
Leonel Espinoza	A,A+	22	CHC	82	0.244	0	0.292	0.26	0.13	0.067	59.35638105	#N/A	144	78	34.6	10.1	13.4	7.3	47.7	21.5	15.4	15.4	16.7
Eduardo Tait	A,A+	18	MIN	147	0.259	3	0.286	0.41	0.23	0.039	95.6580257	#N/A	145	78	44.1	20.8	21.6	3.9	33.9	25.9	24.1	16.1	39.3
Ryan Cermak	A+,CPX	24	TBR	89	0.225	3	0.310	0.42	0.30	0.090	111.1409249	#N/A	146	77.9	31.6	26.2	30	9	39	22	20.3	18.6	36
Branden Boissiere	A+,AA	25	WSN	269	0.257	7	0.319	0.41	0.27	0.076	115.3764393	#N/A	147	77.8	33.4	22.6	26.6	7.6	31.4	27.3	30.4	10.8	33
Ben Gobbel	A+,AA,AAA	25	LAA	190	0.284	9	0.352	0.51	0.21	0.066	137.3139458	#N/A	148	77.8	45	24.6	21.3	6.6	47.9	25.3	20.5	6.2	32.8
Nate George	A,A+,CPX	19	BAL	79	0.291	1	0.380	0.39	0.21	0.120	132.3974265	#N/A	149	77.8	30.4	18.5	18.4	12.6	55.9	16.9	18.6	8.5	23.8
Javier Rivas	A+,AA	22	PIT	354	0.266	18	0.320	0.46	0.24	0.049	121.4495364	#N/A	150	77.7	41	23.1	23.5	4.9	50.9	21.3	18	9.7	41.9
Marcus Brown	A+	23	WSN	303	0.224	3	0.302	0.31	0.19	0.081	87.03642494	#N/A	151	77.6	32.5	16.3	19.7	8.2	48.7	20.2	22.7	8.4	23.5
Wes Kath	A+,CPX	22	CHW	154	0.149	1	0.228	0.22	0.40	0.070	41.09915983	#N/A	152	77.5	35.7	38.9	40.4	7	52.3	23.3	12.8	11.6	25.8
Luis Pineda	A+	23	CHW	76	0.276	2	0.286	0.38	0.33	0.013	96.66358558	#N/A	153	77.3	41.9	28.2	33.3	1.3	46	22	26	6	4.2
Jean Perez	A+	23	COL	249	0.197	6	0.240	0.30	0.23	0.030	37.02201919	#N/A	154	77.1	62.4	27.9	23	3	56.5	23.8	13	6.7	18.3
Deniel Ortiz	A,A+	20	STL	110	0.336	3	0.438	0.50	0.22	0.138	167.9963385	#N/A	155	77	34.2	24.5	23	14.3	28.6	39	28.6	3.9	28.8
P.J. Hilson	A+,AA	24	PIT	185	0.259	11	0.317	0.46	0.26	0.053	122.0798462	#N/A	156	76.8	34.5	24.2	25.5	5.3	27.2	26.5	29.4	16.9	31.6
Kevin Maitan	A,A+	25	MIN	77	0.208	0	0.279	0.31	0.35	0.070	70.01861553	#N/A	157	76.7	37.6	25.4	34.9	7	45.8	31.3	20.8	2.1	24
Arturo Disla	A+	24	TEX	372	0.223	9	0.292	0.35	0.23	0.080	91.42469551	#N/A	158	76.7	41.6	20.6	23.1	8	47.3	23.7	21.5	7.5	30.2
Matt Higgins	A+,AA	25	SFG	79	0.228	3	0.319	0.38	0.26	0.099	111.3599173	#N/A	159	76.4	25.2	17.1	26.4	9.9	37.5	28.6	26.8	7.1	32.3
Luis Suisbel	A+	22	SEA	427	0.211	23	0.308	0.41	0.27	0.098	89.43695078	#N/A	160	76.3	45.8	23.8	26.9	9.9	36.1	31	19	13.9	46.3
Esteban González	#N/A	#N/A	#N/A	#N/A	#N/A	#N/A	#N/A	#N/A	#N/A	#N/A	#N/A	#N/A	161	76.3	30.7	20.4	21.7	6.8	42.3	28	22.1	7.5	32.5
Kaeden Kent	A+	21	NYY	102	0.186	2	0.217	0.26	0.18	0.028	45.12298296	#N/A	162	76.2	36.5	13.9	17.5	2.9	44.4	24.7	22.2	8.6	42.1
Johanfran Garcia	A+,CPX	20	BOS	173	0.249	9	0.327	0.43	0.31	0.092	119.0595826	#N/A	163	76.1	33.4	26.7	30.6	8.8	31.6	32.5	24.6	11.4	35.4
John Peck	A+,AA	22	DET	374	0.307	10	0.364	0.45	0.25	0.078	137.2794017	#N/A	164	76.1	32.3	22.4	25.1	7.7	45.8	19	29.3	5.9	15.9
Malcolm Moore	A+,CPX	21	TEX	207	0.198	2	0.293	0.27	0.19	0.083	74.50613202	#N/A	165	76	31.5	19.4	19.5	8.3	31.5	30.2	27.8	10.5	29.8
Ian Lewis	A,A+	22	MIA	105	0.314	0	0.362	0.41	0.15	0.069	122.6077516	#N/A	166	75.9	38.6	14.5	14.3	7.1	54.7	17.4	20.9	7	27.3
Kenni Gomez	A+	20	HOU	341	0.232	6	0.274	0.35	0.27	0.055	69.87517072	#N/A	167	75.9	41.7	21.3	27.1	5.5	37.3	29	24.5	9.1	33.3
Nerwilian Cedeño	#N/A	#N/A	#N/A	#N/A	#N/A	#N/A	#N/A	#N/A	#N/A	#N/A	#N/A	#N/A	168	75.8	33.5	16.8	16.9	5.4	40	32	19	9	31.4
Kenny Castillo	A+,CPX	21	ARI	230	0.222	4	0.267	0.35	0.21	0.060	63.57311265	#N/A	169	75.8	42.7	16	20.7	6	42.6	29	14.8	13.7	30
Omar Hernandez	A+,AA	23	KCR	118	0.203	0	0.242	0.27	0.21	0.039	45.9710526	#N/A	170	75.8	39.5	14.6	21.1	3.9	46.2	15.1	23.7	15.1	27.8
Wuilfredo Antunez	A+,AA	23	CLE	259	0.263	14	0.336	0.52	0.23	0.092	134.6501066	#N/A	171	75.7	30.3	21.5	23.1	9.2	29.4	40.7	19.1	10.8	48.3
Alexander Vargas	A+,AA	23	NYY	231	0.229	6	0.287	0.36	0.14	0.071	90.51359251	683061	172	75.7	33.5	10.5	13.9	7.2	41.8	22.4	20.4	15.3	46.4
Anthony Hall	A+	24	NYY	144	0.222	1	0.300	0.31	0.31	0.099	85.55127929	#N/A	173	75.6	28.9	22	30.9	9.9	29.5	31.6	25.3	13.7	31.5
Reginald Preciado	A+	22	CHC	285	0.218	3	0.292	0.30	0.24	0.070	71.80668132	#N/A	174	75.6	36.9	20	23.9	7.1	43.9	28.8	19.5	7.8	20.2
Cristian Gonzalez	A+	23	HOU	240	0.221	3	0.255	0.30	0.26	0.050	50.75575601	#N/A	175	75.5	34.1	22.4	26.2	5	47.8	22.5	20.8	9	26
Elis Cuevas	A,A+,CPX	20	BAL	97	0.196	1	0.313	0.28	0.28	0.128	85.15384792	#N/A	176	75.5	23.4	19.2	29.2	13.3	40.3	32.3	21	6.5	36.4
Shalin Polanco	A+	21	PIT	306	0.209	13	0.292	0.39	0.25	0.100	94.92912729	#N/A	177	75.4	32.8	24.4	25	9.5	44.4	26.7	19.1	9.8	54.4
Aron Estrada	A+,AA	20	BAL	289	0.284	5	0.369	0.43	0.17	0.105	134.5378075	#N/A	178	75.4	33.6	16.7	17.4	10.5	50	21.8	24.8	3.4	22.9
Brandon Winokur	A+	20	MIN	474	0.226	17	0.304	0.39	0.25	0.083	97.57328561	#N/A	179	75.2	37.2	23.6	24.7	8.3	46.2	26.2	18.9	8.7	33.5
Jaime Ferrer	A+	22	MIN	319	0.216	5	0.296	0.34	0.23	0.062	81.97498095	#N/A	180	75.1	34.8	23	22.4	6.2	46.7	24.8	17.8	9.9	22.3
Carson DeMartini	A+,AA	22	PHI	190	0.284	8	0.402	0.47	0.28	0.135	161.6847786	#N/A	181	75.1	24.9	23.5	27.9	13.5	38.6	34.6	22	4.7	27.8
Bryan Gonzalez	A+	23	KCR	289	0.235	3	0.288	0.36	0.30	0.064	82.21652256	#N/A	182	75	35.7	25.1	29.6	6.4	52	17.7	20.2	10.1	28
Damian Bravo	A+	21	SFG	87	0.276	0	0.337	0.32	0.18	0.051	87.47365425	#N/A	183	75	38.9	22	17.8	5	49.3	21.1	25.4	4.2	15.2
Justin Janas	A+	24	ATL	313	0.252	3	0.328	0.33	0.17	0.062	106.4716459	#N/A	184	74.9	29.1	12	17	5.7	50.8	19.1	23	7	23.1
Lizandro Espinoza	A+,AA	22	ATL	343	0.201	10	0.261	0.35	0.28	0.069	87.40965786	#N/A	185	74.9	37.8	22.2	28.4	6.6	38.2	29	18.7	14.1	37.4
Jonathan Vastine	A+	22	SDP	68	0.235	1	0.329	0.31	0.32	0.127	87.91613248	#N/A	186	74.7	26.2	33.9	31.2	11.7	44.2	20.9	30.2	4.7	22.7
Enmanuel Terrero	A+	22	PIT	102	0.206	4	0.270	0.34	0.33	0.068	75.85307188	#N/A	187	74.6	35.8	20.5	33.1	6.8	49.3	26.1	14.5	10.1	39.3
Aroon Escobar	A,A+,AA	20	PHI	168	0.256	4	0.348	0.37	0.21	0.111	116.4134099	#N/A	188	74.5	22.1	19.7	20.7	11.1	42	19.1	30.5	8.4	15.4
Sammy Stafura	A,A+	20	CIN	94	0.160	2	0.257	0.26	0.24	0.091	53.53653905	#N/A	189	74.5	29.2	21.5	24.3	9.3	37.3	31.3	22.4	9	44.4
Nelson Quiroz	A+,AA	23	LAD	98	0.367	1	0.421	0.51	0.11	0.075	165.817229	#N/A	190	74.5	33.3	11.2	11.1	7.4	51.2	15.1	22.1	11.6	31.3
Juan Montero	A+,AA	23	BOS	74	0.203	0	0.330	0.23	0.28	0.148	77.4065584	#N/A	191	74.3	33.5	26	28.4	14.8	51	26.5	18.4	4.1	27.3
Ralphy Velazquez	A+,AA	20	CLE	371	0.245	17	0.323	0.47	0.20	0.096	119.8294595	806252	192	74.2	23	18.4	20.3	9.6	36	34.3	23.2	6.6	34.3
Carlos Colmenarez	A+,CPX	21	TBR	231	0.208	6	0.339	0.32	0.34	0.136	104.1821565	#N/A	193	74.2	23.1	29.1	33.6	13.4	48.6	23.9	20.3	7.2	31.1
Ryan Spikes	A+,AA,AAA	22	TBR	232	0.259	12	0.303	0.46	0.27	0.044	120.7020503	#N/A	194	74.1	39.4	19.4	26.6	4.4	41.1	29.8	21.4	7.7	19.8
Alfonsin Rosario	A+,AA	21	CLE	306	0.268	16	0.362	0.49	0.25	0.105	138.8749028	#N/A	195	74	27.7	24.7	25.1	10.2	41.1	28.8	22.4	7.8	33.9
Franklin Arias	A,A+,AA	19	BOS	355	0.265	6	0.329	0.38	0.09	0.082	106.6047465	#N/A	196	73.9	24.6	4.8	8.9	8.2	47.2	24.5	21.1	7.1	15
Capri Ortiz	A+	20	LAA	354	0.229	5	0.305	0.32	0.20	0.080	79.12495339	#N/A	197	73.8	42.9	23.6	20.2	8.1	47.1	18.1	20.7	14.1	31.8
Hunter Haas	A+	23	TBR	259	0.162	4	0.269	0.25	0.30	0.109	61.31468191	#N/A	198	73.7	34.3	25.8	30.2	11	30.4	36.8	18.1	14	33
Jansel Luis	A+,CPX	20	ARI	405	0.304	5	0.342	0.42	0.16	0.060	105.6548879	#N/A	199	73.7	38.2	21.6	16.3	6.1	51.5	21.9	19	7.6	34.3
Anthony Gutierrez	A+	20	TEX	337	0.258	2	0.333	0.32	0.21	0.081	98.26460399	#N/A	200	73.6	40.8	16.6	20.7	8.1	46.8	20.9	24.7	7.6	20
Andy Lugo	A+	21	BOS	248	0.282	7	0.345	0.46	0.21	0.086	130.2727844	#N/A	201	73.6	36.6	20.2	21.1	8.6	39.4	28	21.2	11.4	37.9
Cole Foster	A+,CPX	23	SFG	173	0.150	5	0.264	0.26	0.32	0.104	50.19705511	#N/A	202	73.6	40	26.4	32.2	10.4	33.9	31.2	19.3	15.6	41.8
Angel Tejada	A+	21	BAL	124	0.169	1	0.231	0.22	0.24	0.067	39.64184233	#N/A	203	73.6	45.9	14.5	23.7	6.7	59.8	16.3	19.6	4.3	21.2
Tyler Tolve	A+,AA,CPX	24	ATL	69	0.101	0	0.195	0.12	0.51	0.091	12.29309272	#N/A	204	73.5	38.5	42	49.4	7.8	55.2	20.7	13.8	10.3	40
Austin Charles	A+,CPX	21	KCR	205	0.205	2	0.264	0.30	0.26	0.082	59.38989744	#N/A	205	73.4	37.6	21	25.9	8.3	37.6	31.5	17.4	13.4	31.5
Alex Lodise	A+	21	ATL	103	0.252	1	0.294	0.40	0.39	0.046	109.9638405	#N/A	206	73.4	34.7	26.9	38.3	4.7	40	26.7	25	8.3	22.6
Yeison Morrobel	A+,CPX	21	TEX	270	0.170	6	0.248	0.28	0.20	0.084	60.30972253	#N/A	207	73.4	32.9	17.5	19.8	8.4	46	27	17.5	9.5	36.2
Jace Avina	A+,AA	22	NYY	176	0.295	8	0.412	0.51	0.24	0.136	168.0432436	#N/A	208	73.4	23.8	20.8	24.3	13.5	28.1	39.8	23.4	8.6	44.4
Josh Kross	A,A+	22	STL	213	0.211	8	0.288	0.38	0.27	0.091	86.3807168	#N/A	209	73.3	40	24.3	26.1	9	37.3	30.1	16.3	16.3	36.6
Theo Hardy	A+,AA	23	TEX	99	0.192	0	0.349	0.23	0.26	0.165	89.47662068	#N/A	210	73.2	28.9	23.3	25.8	16.4	50.7	23.2	23.2	2.9	37.5
Gleider Figuereo	A+	21	TEX	408	0.201	18	0.287	0.35	0.28	0.095	90.09140557	#N/A	211	73.2	31.6	24.2	28.4	9.5	39.2	30.9	17.6	12.2	43.7
Patrick Clohisy	A+,AA	23	ATL	352	0.247	3	0.338	0.33	0.19	0.111	110.6710449	#N/A	212	73.2	30.4	17.7	18.7	11.1	46.2	26.9	20.8	6.1	24.1
Omar Martinez	A+,AA,AAA	23	NYY	212	0.231	8	0.337	0.38	0.31	0.129	115.5215916	#N/A	213	73.1	25	26.6	30.5	12.9	39.9	31.2	20.3	8.7	36.6
Diego Guzman	A+,AA	21	KCR	151	0.199	0	0.268	0.25	0.33	0.080	52.07444182	#N/A	214	72.9	35.1	28	32.6	8	51	23.5	20.6	4.9	20
Caleb Lomavita	A+,AA	22	WSN	363	0.275	4	0.339	0.36	0.20	0.046	112.3883546	#N/A	215	72.8	36.8	16.1	20.2	4.6	51.9	22	18.5	7.7	23.3
Estarling Mercado	A+	22	NYM	126	0.254	3	0.345	0.38	0.21	0.117	122.3671248	#N/A	216	72.8	28	22	20.5	11.6	55.7	18.6	19.6	6.2	29.7
Wilber Sanchez	A,A+	23	CHW	128	0.227	2	0.313	0.31	0.25	0.097	92.40932656	#N/A	217	72.7	39.9	21.1	25	9.7	43.5	30.4	15.2	10.9	26.2
Albert Feliz	A+	23	BOS	185	0.178	7	0.239	0.32	0.42	0.070	62.92802618	#N/A	218	72.6	33.6	35.1	42.3	7	39.6	30.7	13.9	15.8	31.1
Blayberg Diaz	A,A+	22	MIL	184	0.228	0	0.290	0.29	0.23	0.055	67.20935377	#N/A	219	72.5	40.4	16.5	23	5.6	45.9	21.8	22.6	9.8	25.4
Quinn McDaniel	A+	22	SFG	366	0.227	9	0.333	0.36	0.29	0.121	94.8407205	#N/A	220	72.5	35.2	26.3	28.7	12.1	37.4	34.1	18.3	10.2	20.2
Cristian Hernandez	A+	21	CHC	444	0.252	7	0.329	0.36	0.21	0.105	98.91469932	#N/A	221	72.4	31.3	25.2	20.4	10.6	47.7	28.4	15.2	8.8	24.2
Josh Caron	A+	21	SEA	299	0.197	9	0.269	0.33	0.29	0.076	56.99332504	#N/A	222	72.4	44.6	26.7	28.4	7.6	43.1	28.9	16.2	11.8	23.9
Ethan Anderson	A+,AA	21	BAL	245	0.257	3	0.338	0.36	0.18	0.110	108.6274647	#N/A	223	72.4	21.1	16.1	17.8	10.8	43.4	25.8	22.2	8.6	35.8
Andy Perez	A,A+	21	COL	447	0.271	7	0.314	0.39	0.17	0.050	83.20206031	#N/A	224	72.3	56.7	28.3	16.7	5	53.8	20.7	19.9	5.6	25.8
Andrew Fischer	A+	21	MIL	74	0.311	1	0.402	0.45	0.25	0.126	140.7628331	#N/A	225	72.3	23	25	22.8	11.4	25.5	41.2	21.6	11.8	46.9
Sam Petersen	A,A+,CPX	22	WSN	145	0.297	6	0.398	0.49	0.18	0.116	161.426295	#N/A	226	72.3	24.8	26.7	18	11.6	45.7	31	20.7	2.6	25
Frank Rodriguez	A+,AA,AAA	23	LAD	124	0.234	3	0.336	0.38	0.21	0.118	107.4164876	#N/A	227	72.2	19.7	20	21.6	11.5	33	29.7	22	15.4	31.9
Miguel Villarroel	A+	23	STL	248	0.254	2	0.307	0.33	0.24	0.070	81.58661405	#N/A	228	72.2	42.9	22.1	24.2	7	50.3	24.3	16.2	9.2	20
Jeremy De La Rosa	A+,AA,CPX	23	WSN	101	0.198	1	0.278	0.26	0.28	0.104	66.84290099	#N/A	229	72.2	27.4	30.4	26.4	10	41.4	18.6	28.6	11.4	36.4
Braden Montgomery	A,A+,AA	22	CHW	254	0.260	8	0.348	0.44	0.24	0.110	134.724076	695731	230	72.2	34	23.4	24.1	11	47.6	28.1	22.2	2.2	31.2
Jadher Areinamo	A+,AA	21	TBR	367	0.297	11	0.355	0.46	0.12	0.082	126.352155	699130	231	72.2	34.7	14.5	11.5	8.2	39.6	33.5	18.9	7.9	25.6
Will Taylor	A,A+	22	PIT	234	0.231	10	0.351	0.41	0.27	0.118	123.1044977	#N/A	232	72.1	19.4	26.2	26.9	11.8	40.8	24.8	19.7	14	35.7
Jose Colmenares	A+,AA	23	NYY	324	0.219	8	0.311	0.38	0.25	0.102	105.9707383	#N/A	233	72.1	27.2	26.6	24.7	10.2	42.6	27.7	21.7	8.1	35.3
Luis Durango	A+,CPX	22	NYY	97	0.258	0	0.351	0.27	0.20	0.080	96.67697054	#N/A	234	72	25.8	20.1	20	8.2	60.8	14.9	18.9	5.4	20
Mac Guscette	A,A+	23	ATL	161	0.174	1	0.236	0.23	0.16	0.062	50.06803743	#N/A	235	72	35.7	12.9	16	6.1	53.3	21.5	17	8.1	26.9
Yophery Rodriguez	A+	19	MIL	390	0.221	5	0.316	0.34	0.19	0.119	93.85894378	#N/A	236	71.9	24.8	16.9	18.8	11.9	38.4	29.3	18.2	14	30.8
Derlin Figueroa	A,A+	21	KCR	188	0.197	2	0.277	0.26	0.29	0.099	57.13574666	#N/A	237	71.9	30.4	25.9	29	9.8	48.1	24	20.2	7.8	26.3
Anthony Stephan	A+,CPX	22	CIN	290	0.245	7	0.349	0.40	0.21	0.114	113.0215651	#N/A	238	71.9	20.9	18.4	21.2	11.5	41.7	26.1	23.4	8.7	40.7
Woody Hadeen	A,A+	22	DET	154	0.234	2	0.348	0.31	0.13	0.116	103.2864926	#N/A	239	71.8	19.7	11.9	13.3	11.6	39.2	24.6	26.9	9.2	26.9
Danny De Andrade	A+	21	MIN	437	0.229	9	0.317	0.39	0.23	0.087	102.1375271	#N/A	240	71.7	37.7	18.5	23.1	8.5	41.9	26.7	23.9	7.5	24.5
Ricky Cabrera	A+	20	CIN	75	0.187	0	0.276	0.24	0.28	0.090	50.86401656	#N/A	241	71.7	33.5	26.1	28.1	9	53.7	14.8	24.1	7.4	19
Cole Fontenelle	A+,AA	23	LAA	207	0.217	5	0.313	0.34	0.30	0.100	86.32452729	#N/A	242	71.7	41.2	31.5	30.3	10	41.6	28.5	20.4	9.5	34.3
Corey Collins	A,A+,CPX	23	NYM	131	0.183	2	0.299	0.27	0.32	0.108	82.0819247	#N/A	243	71.7	32	24.2	32.5	10.8	32.5	27.7	26.5	13.3	35.6
Anthony Scull	A+	21	LAA	419	0.260	13	0.321	0.40	0.23	0.062	101.1195958	#N/A	244	71.6	43.4	27.3	22.7	6	43.8	25.6	22.7	7.9	41.2
Michael Arroyo	A+,AA	20	SEA	242	0.269	15	0.422	0.51	0.21	0.127	152.2570271	#N/A	245	71.5	32.1	22	21.2	12.7	35	35	20.9	9	24.2
Adrian Santana	A+	19	TBR	365	0.263	2	0.324	0.33	0.12	0.086	94.26423416	#N/A	246	71.5	34.2	8.3	12	8.6	49.7	22.2	22.8	5.2	12.3
Elio Prado	A+,AA	23	PHI	135	0.222	2	0.294	0.30	0.25	0.077	83.54039611	#N/A	247	71.4	20.2	18.1	25.5	7.6	35.3	35.3	20.6	8.8	22.8
Juan Baez	A+	20	MIL	389	0.201	0	0.287	0.22	0.11	0.104	51.27648143	#N/A	248	71.3	31.2	11.7	10.6	10.4	51.5	14.8	23	10.8	22.3
Lamar King Jr.	A,A+	21	SDP	90	0.233	0	0.289	0.30	0.26	0.062	70.12921837	#N/A	249	71.3	29.8	18.7	23.4	6.4	39.1	29.7	25	6.3	22.9
T.J. White	A+	21	WSN	377	0.231	7	0.308	0.34	0.27	0.094	96.0247859	#N/A	250	71.3	26.1	24	26.6	9.4	40.9	25.4	23.5	10.2	30.2
Cal Stark	A+	22	TEX	122	0.180	2	0.270	0.25	0.40	0.076	60.34484581	#N/A	251	71.2	35	25.3	38.6	7.1	33.8	26.8	29.6	9.9	32.5
Rayne Doncon	A,A+,CPX	21	MIN	96	0.146	3	0.245	0.27	0.29	0.118	50.83984966	#N/A	252	71.2	29.5	26.5	29.2	12.3	32.3	29	22.6	16.1	43.8
Jean Carlos Sio	A,A+	21	SFG	104	0.279	3	0.385	0.42	0.18	0.082	129.9402735	#N/A	253	71.1	32	18.7	17.9	8.1	43.9	25.6	24.4	6.1	31.7
Gage Miller	A+,AA	22	MIA	299	0.207	4	0.329	0.31	0.15	0.135	92.67916108	#N/A	254	71.1	24.9	18.3	14.8	13.4	40.7	29.4	19.4	10.5	32.2
Jack Payton	A+	23	SFG	238	0.252	9	0.351	0.44	0.26	0.121	116.7398019	#N/A	255	71	36.1	22.9	25.5	12.1	42.1	37.4	15.8	4.7	20.9
Brooks Brannon	A+,AA	21	BOS	211	0.270	5	0.313	0.40	0.28	0.054	103.9730887	#N/A	256	71	35.4	28.2	28.1	5.4	48.6	16.9	27.7	6.8	19.7
Teo Banks	A+,CPX	21	WSN	122	0.123	1	0.210	0.16	0.23	0.078	20.94949872	#N/A	257	71	37.8	12.3	22.9	7.9	45.7	24.5	14.9	13.8	29.7
Drew Bowser	A+	23	CHC	285	0.204	2	0.326	0.27	0.27	0.141	80.06332748	#N/A	258	71	30.6	24.7	26.8	14.1	46.9	26.5	16.3	10.2	17.9
Jace Grady	A+	24	ATL	187	0.166	1	0.262	0.24	0.29	0.107	64.14619647	#N/A	259	71	24	19.6	28.7	10.6	42.5	28.3	18.9	10.2	23.3
Jon Jon Gazdar	A+,AA	23	STL	359	0.287	1	0.378	0.34	0.10	0.082	111.1928347	#N/A	260	70.9	33.8	13.9	9.6	8.2	45.8	24.6	22.7	6.9	15.8
Bryce Arnold	A,A+	23	TOR	80	0.188	2	0.316	0.33	0.29	0.122	84.34067825	#N/A	261	70.8	32.7	18.5	28.6	12.2	42.6	29.6	16.7	11.1	32
Anderdson Rojas	A+	21	ARI	413	0.232	1	0.307	0.30	0.16	0.099	69.22470192	#N/A	262	70.8	37.7	18.3	16	10	56	20.1	17	6.9	28.7
Nick Roselli	A,A+	22	NYM	125	0.136	1	0.223	0.23	0.29	0.086	46.18104073	#N/A	263	70.8	28.7	25.8	29.5	8.6	50	28.6	14.3	7.1	33.3
Jacob Cozart	A+,AA	22	CLE	258	0.229	7	0.344	0.36	0.21	0.133	105.8440922	#N/A	264	70.7	24.2	24.4	21	13.3	37.2	27.6	23	12.2	33.3
Jacob Campbell	A+,AA	25	SDP	160	0.219	3	0.273	0.33	0.25	0.058	72.19627887	#N/A	265	70.7	31.5	24.2	25.4	5.8	51.3	23.1	17.1	8.5	23.4
Raylin Heredia	A+,CPX	21	PHI	165	0.285	7	0.343	0.47	0.25	0.065	139.3518911	#N/A	266	70.6	34.3	21.7	25	6.5	32.8	26.2	30.3	9	30.4
Brandon Eike	A+	23	SEA	351	0.208	11	0.272	0.37	0.31	0.067	65.75064849	#N/A	267	70.5	41.8	26.2	31.3	6.7	41.2	28.8	23.6	6.4	19.7
Diego Omana	A,A+	22	CIN	110	0.200	0	0.279	0.23	0.24	0.097	49.16957696	#N/A	268	70.4	29	21.9	24.2	10	45.6	15.2	25.3	13.9	18.8
Trey Paige	A+,AA	24	STL	124	0.242	2	0.317	0.35	0.30	0.094	91.48819766	#N/A	269	70.4	40.2	26.4	30	9.3	42.2	32.5	18.1	7.2	31
Tommy White	A+,AA	22	OAK	254	0.260	11	0.326	0.46	0.13	0.078	107.427124	#N/A	270	70.4	25.7	16.6	13.1	7.8	49.3	25.1	18.3	7.3	20
Leo De Vries	A+,AA	18	SDP	366	0.249	10	0.354	0.43	0.20	0.129	120.1431626	#N/A	271	70.3	25	18.3	20.1	12.9	32.4	35.9	20.8	10.9	41
Juan Matheus	A,A+	21	NYY	108	0.287	1	0.381	0.40	0.17	0.127	134.8991977	#N/A	272	70.3	25.1	14.9	17.9	13	46.4	26.2	21.4	6	50
Matt Hogan	A+,AA,AAA,CPX	25	CHW	91	0.187	0	0.306	0.31	0.35	0.130	88.80766499	#N/A	273	70.3	30.7	34.6	35.2	13	37	29.6	24.1	9.3	48.3
Yamal Encarnacion	A+,CPX	21	HOU	107	0.252	2	0.344	0.37	0.20	0.114	103.2143174	#N/A	274	70.2	25.3	12.7	18.9	11.5	54.8	20.2	20.2	4.8	17.6
T.J. McCants	A,A+,CPX	24	CHW	91	0.264	0	0.313	0.37	0.31	0.060	101.0475062	#N/A	275	70.2	43.5	25.4	30.7	5.9	49.2	27.9	21.3	1.6	10
Carson Jones	A+	24	SEA	213	0.160	6	0.265	0.29	0.36	0.106	48.12515449	#N/A	276	70.1	36.2	32.3	35.5	10.6	40.2	29.9	22	7.9	37.9
Carlos Sanchez	A,A+	20	CIN	201	0.244	4	0.320	0.37	0.24	0.096	96.59169969	#N/A	277	70.1	23.7	24.1	23.7	9.4	54.7	19.6	22.3	3.4	24.2
Esmerlyn Valdez	A+,AA	21	PIT	277	0.303	20	0.385	0.59	0.25	0.099	176.1762269	699013	278	70	25.8	23.1	24.4	9.8	37	34	18	11	36.5
Logan Wagner	A+	21	LAD	440	0.216	15	0.345	0.38	0.26	0.146	111.465311	#N/A	279	69.9	23.3	24.8	26.2	14.3	39.7	26.8	21.5	11.9	41.8
Leo Balcazar	A+,AA	21	CIN	305	0.262	9	0.333	0.41	0.15	0.085	110.2935712	#N/A	280	69.8	30.8	14.3	14.6	8.5	42.6	26.7	19.8	10.9	25.8
Billy Amick	A,A+,CPX	22	MIN	200	0.310	4	0.418	0.46	0.26	0.119	152.0028741	#N/A	281	69.7	30	24.3	25.8	11.9	36.9	26.2	27.7	9.2	31.6
Seth Stephenson	A+,AA	24	DET	371	0.286	8	0.371	0.42	0.15	0.070	134.2358212	#N/A	282	69.7	29.3	10.3	14.5	7	45.2	22.6	20.1	12.1	30.6
Jhon Diaz	A+	22	TBR	332	0.187	10	0.260	0.33	0.24	0.084	74.87789626	#N/A	283	69.6	31.6	18.9	24.3	8.5	50.6	24.3	16.9	8.2	27
Zach Levenson	A+,AA	23	STL	284	0.236	8	0.373	0.38	0.18	0.162	118.7171289	#N/A	284	69.6	32.9	15.1	18.2	16.1	39.4	29	18.6	13.1	28.6
Johnny Tincher	A+	23	CLE	198	0.202	1	0.308	0.27	0.20	0.115	71.07815937	#N/A	285	69.6	23.2	17	20.1	11.5	36.8	25.8	22.6	14.8	37.3
Jesus Castillo	A+,AAA	21	PIT	348	0.241	2	0.326	0.29	0.22	0.091	84.04344007	691913	286	69.6	29.3	19.4	22.5	9.1	56.9	23.5	14.6	5	18.2
Maikol Escotto	A+,AA	23	PIT	141	0.319	6	0.370	0.52	0.22	0.064	154.2145455	#N/A	287	69.5	32.7	21.1	21.7	6.4	44.5	24.5	23.6	6.4	26.4
Reivaj Garcia	A+,AA	23	CHC	122	0.230	0	0.280	0.27	0.14	0.060	58.95384628	#N/A	288	69.5	34.4	18.5	14.2	6	55.2	17.1	24.8	2.9	15.9
Ryan Galanie	A+,AA	25	CHW	92	0.315	4	0.356	0.57	0.16	0.059	163.5200938	#N/A	289	69.4	33.7	15.3	15.8	5.9	30.8	46.2	17.9	5.1	20
Arxy Hernandez	A,A+	21	CHW	288	0.205	4	0.256	0.29	0.27	0.045	65.61194777	#N/A	290	69.4	41	20.5	27.2	4.5	44.4	27.8	17.6	10.2	25.8
Freili Encarnacion	A,A+	20	BOS	241	0.195	8	0.267	0.33	0.27	0.053	76.73581049	#N/A	291	69.4	36.9	22.4	27.4	5.3	44.9	22.8	16.8	15.6	34.8
Jordan Thompson	A+	23	LAD	357	0.210	7	0.286	0.31	0.27	0.080	73.01006414	#N/A	292	69.3	25.5	26.4	26.9	7.9	45.5	29.2	22.5	2.8	23.7
Colin Houck	A,A+	20	NYM	187	0.198	2	0.269	0.29	0.37	0.090	72.66397863	#N/A	293	69.3	33.2	25.1	36.6	8.9	35.1	28.1	29.8	7	36.4
Arol Vera	A+,AA	22	LAA	200	0.230	5	0.330	0.38	0.20	0.117	100.3357091	#N/A	294	69.3	36.8	23.7	20.4	11.7	45.8	26.8	19.6	7.8	28.2
Ryan Burrowes	A,A+	20	CHW	114	0.254	2	0.338	0.39	0.26	0.092	117.4621856	#N/A	295	69.2	31.7	18.2	26.2	9.5	51.3	26.9	19.2	2.6	25
Anderson De Los Santos	A+	21	BAL	313	0.230	6	0.360	0.36	0.22	0.144	120.5941754	#N/A	296	69.1	24.7	21.2	21.7	14.4	43.9	24.8	19.6	11.7	37.3
Michael Curialle	A+	24	STL	212	0.226	4	0.320	0.33	0.27	0.075	89.11509117	#N/A	297	69.1	40.1	26.1	26.4	7.4	53.4	24.3	15.5	6.8	27.1
Andrew Jenkins	A+,AAA	24	DET	351	0.262	10	0.344	0.41	0.23	0.083	122.5956046	#N/A	298	69.1	28.5	18.7	23.5	7.8	45	25.2	22.9	7	20.2
Jesus Bugarin	A+	23	COL	208	0.212	2	0.257	0.28	0.28	0.050	38.15472956	#N/A	299	69	53.9	39.8	28.1	4.9	53.4	12.3	20.5	13.7	35.4
Freuddy Batista	A+,AA	25	SEA	188	0.303	12	0.411	0.59	0.18	0.103	162.1286713	#N/A	300	69	39.8	23.4	17.9	10.3	38.3	23.5	26.8	11.4	38.7
Victor Acosta	A+	21	CIN	325	0.225	1	0.339	0.28	0.19	0.097	85.25650016	#N/A	301	69	28.1	14.9	18.7	9.7	50.6	18.8	22.6	8	26.9
Anthony Donofrio	A+	25	SEA	283	0.230	6	0.333	0.37	0.29	0.121	90.54002903	#N/A	302	68.9	36.8	24.3	28.8	12.1	42.8	29.4	21.4	6.4	18.9
Drake Logan	A+,AAA,CPX	24	CHW	151	0.258	4	0.327	0.36	0.38	0.082	107.4490055	#N/A	303	68.9	38.3	26.7	38.3	8.4	47.7	33.7	17.4	1.2	15.9
Ronald Hernandez	A+	21	NYM	340	0.224	6	0.318	0.34	0.22	0.107	102.8109585	#N/A	304	68.9	30.3	18.9	21.8	10.6	50.4	24.4	18.2	7	32.7
Kevin McGonigle	A,A+,AA	20	DET	145	0.372	7	0.462	0.65	0.11	0.135	214.5736251	805808	305	68.8	18.9	12.3	11.1	13.5	33.1	37	25.2	4.7	29.1
Leandro Arias	A+	20	BAL	256	0.219	2	0.315	0.27	0.17	0.107	83.91063171	#N/A	306	68.8	23	16.9	16.6	10.6	54.5	18	21.8	5.7	20.2
Eduardo Lopez	A+	23	PHI	130	0.169	5	0.250	0.33	0.28	0.090	76.60973151	#N/A	307	68.8	23.5	24.4	27.8	9	34.4	35.6	16.7	13.3	38.3
Juan Flores	A+	19	LAA	305	0.207	10	0.283	0.34	0.27	0.053	77.14976229	#N/A	308	68.8	42.5	25.7	27.5	5.3	38.2	28.8	19.3	13.7	20.6
Carter Frederick	A+	22	KCR	354	0.223	3	0.316	0.34	0.33	0.106	91.27400415	#N/A	309	68.8	31.7	28.6	32.3	10.7	44.1	25.7	22.1	8.1	28.3
Jose Devers	A+,AAA,CPX	25	ATL	475	0.240	13	0.293	0.41	0.28	0.060	96.87425317	#N/A	310	68.8	33.4	22.4	27.5	6	44.2	26.4	23.4	5.9	29.8
Engelth Urena	A,A+	20	NYY	76	0.158	0	0.278	0.20	0.19	0.133	55.79608287	#N/A	311	68.7	21.5	16.8	18.4	13.8	32.8	22.4	22.4	22.4	38.5
Aidan Longwell	A+	23	COL	452	0.274	15	0.345	0.46	0.19	0.093	109.8190727	#N/A	312	68.6	49.2	30.6	19.2	9.3	33.1	33.9	24.5	8.5	38.7
Rosman Verdugo	A+	20	SDP	404	0.205	13	0.339	0.35	0.32	0.147	103.6590846	#N/A	313	68.6	20.7	31.5	31.8	14.8	33.1	35.9	19	12.1	39
Daniel Vazquez	A+,AA,CPX	21	KCR	404	0.260	1	0.336	0.35	0.20	0.104	97.5054411	#N/A	314	68.6	27.4	19.3	19.7	10.4	45.1	19.6	28.4	6.9	18.4
Kaelen Culpepper	A+,AA	22	MIN	215	0.293	9	0.385	0.48	0.16	0.105	147.0858317	701785	315	68.5	30.9	12.8	16.2	10.5	52.6	26.3	16	5.1	32.4
Juan Benjamin	A+	22	CLE	301	0.276	3	0.365	0.39	0.18	0.116	115.912358	#N/A	316	68.5	26.4	14.6	18.2	11.6	46.1	25.5	23	5.3	21.2
Miguel Bleis	A+,AA	21	BOS	287	0.226	13	0.314	0.42	0.23	0.108	113.7563194	#N/A	317	68.5	28.5	21.6	22.7	10.7	39.4	27.2	15.5	17.8	47.3
Kalae Harrison	A+	23	PIT	98	0.173	3	0.212	0.30	0.24	0.048	44.13249108	#N/A	318	68.4	37.6	22.3	23.8	4.8	50	21.6	14.9	13.5	33.3
Titus Dumitru	A+	22	PIT	410	0.237	9	0.320	0.36	0.25	0.095	104.9832751	#N/A	319	68.4	23	21.3	25.4	9.5	49.1	24.7	21	5.2	15.8
Misael Urbina	A+	23	MIN	223	0.247	4	0.357	0.40	0.17	0.138	119.2815853	#N/A	320	68.4	24.5	14.1	16.2	13.6	40	23.9	24.4	11.7	40.2
Adrian Placencia	A+	22	LAA	410	0.212	16	0.339	0.38	0.30	0.146	105.363962	#N/A	321	68.3	31.1	43.7	30.2	14.4	36.2	36.6	18.5	8.7	37.7
Onix Vega	A,A+,AA,AAA	26	NYM	70	0.214	1	0.282	0.34	0.18	0.090	90.15531524	#N/A	322	68.3	26.4	10.1	17.9	9	31.6	26.3	31.6	10.5	30.3
Jonah Cox	A+	23	SFG	525	0.257	10	0.333	0.40	0.22	0.090	103.0816912	#N/A	323	68.2	38.2	19.6	22.4	9	51	24.6	17.7	6.7	12.4
Keiner Delgado	A+	21	PIT	424	0.243	14	0.370	0.39	0.22	0.142	123.8311116	#N/A	324	68.2	25.6	25.6	21.7	14.3	44.4	25.2	21.7	8.6	34
J.J. D'Orazio	A+,AA	23	ARI	77	0.273	0	0.364	0.34	0.23	0.102	99.56934433	#N/A	325	68.2	30.6	5.6	22.7	10.2	49.1	24.6	19.3	7	16
Archer Brookman	A+	26	DET	204	0.230	2	0.289	0.30	0.17	0.066	75.06087951	#N/A	326	68.1	27.7	19.8	16.6	6.6	45.6	24.6	20.5	9.4	16.9
Brian Kalmer	A+	24	CHC	306	0.209	10	0.319	0.37	0.25	0.139	97.97558247	#N/A	327	68.1	31.2	19.1	25.1	14.1	25.8	41.8	21.1	11.3	37.3
Peyton Powell	A,A+	24	TOR	64	0.203	0	0.338	0.22	0.26	0.167	71.59643263	#N/A	328	68.1	31.4	27.3	25.6	16.7	51.1	20	24.4	4.4	30
Jordan Viars	A+	21	PHI	94	0.138	1	0.190	0.20	0.38	0.050	22.73130947	#N/A	329	68	31.7	25.7	38	5	37.5	25	23.2	14.3	37
Carter Graham	A,A+	23	CIN	206	0.248	4	0.306	0.35	0.22	0.057	86.25632434	#N/A	330	68	23.5	18.4	21.6	5.6	43.8	24.4	28.8	3.1	24.7
Marvin Alcantara	A+,AA	20	BOS	118	0.271	1	0.344	0.33	0.13	0.084	101.9834742	#N/A	331	68	23.6	13.8	13	8.4	60.4	15.8	20.8	3	13.5
Blake Burke	A+,AA	22	MIL	350	0.289	5	0.380	0.40	0.23	0.120	123.9817714	#N/A	332	68	31.5	18.9	23	12	53.5	18.8	22.3	5.4	15.9
Brayden Jobert	A+	24	STL	295	0.210	8	0.326	0.35	0.25	0.126	94.79782983	#N/A	333	67.8	33.9	26.1	24.6	12.6	45.8	30.2	17.9	6.1	32.4
Carlos Jorge	A+	21	CIN	406	0.251	6	0.342	0.35	0.19	0.111	100.8694736	#N/A	334	67.8	25.8	17	18.7	11	50.3	21.4	18.6	9.6	36.4
Jacob Jenkins-Cowart	A,A+	22	MIA	197	0.183	1	0.269	0.27	0.25	0.094	60.58781683	#N/A	335	67.8	28.8	21.1	23.9	9.5	46.5	24.6	20.4	8.5	25
Jordan Sprinkle	A,A+,AA	24	CHW	87	0.172	1	0.284	0.26	0.17	0.117	72.33716723	#N/A	336	67.7	32.4	15.2	16.5	11.7	36.1	31.9	20.8	11.1	28.9
Luiyin Alastre	A,A+	19	MIL	274	0.223	0	0.290	0.26	0.20	0.076	58.39164116	#N/A	337	67.7	30.1	15.7	19.9	7.6	51.9	15.4	23.8	8.9	34.5
Edgar Alvarez	A+	24	CHC	376	0.258	8	0.349	0.38	0.21	0.119	108.9185423	#N/A	338	67.6	31.2	22.6	21.4	11.5	42.1	30.2	21.1	6.7	30.8
Emaarion Boyd	A+,AA	21	MIA	243	0.235	2	0.333	0.32	0.18	0.097	94.49683607	#N/A	339	67.6	25	15.8	17.9	9.7	48	21.7	19.2	11.1	28.4
Marco Dinges	A,A+	21	MIL	172	0.273	10	0.371	0.48	0.23	0.137	137.4613249	#N/A	340	67.5	26.8	21.2	22	14	39.7	33.3	17.5	9.5	17.2
Gavin Logan	A+,AA,AAA	25	ARI	107	0.234	1	0.364	0.34	0.27	0.163	101.2618132	#N/A	341	67.5	32.2	22.4	27.1	16.3	44.4	34.7	18.1	2.8	21.1
E.J. Exposito	A+,AA	24	ATL	134	0.269	7	0.365	0.49	0.27	0.103	156.496275	#N/A	342	67.5	31.5	23.8	26.9	10.3	30.1	39.8	23.7	6.5	28.8
Yhoswar Garcia	A+	23	MIL	275	0.204	1	0.267	0.28	0.16	0.079	54.98312785	#N/A	343	67.4	34	15.9	15.6	7.9	58.9	13.4	18.2	9.5	20.5
Bryson Ware	A+,AA	24	PHI	240	0.229	8	0.326	0.38	0.30	0.103	113.9397919	#N/A	344	67.4	28.4	29.4	29.5	10.3	42.2	24.2	25.5	8.1	35
Joe Vetrano	A+	23	LAD	364	0.223	8	0.314	0.36	0.27	0.111	94.73485864	#N/A	345	67.3	27.8	27.7	26.8	10.9	50.2	23.5	22.3	4	27
Konnor Griffin	A,A+,AA	19	PIT	194	0.325	7	0.432	0.51	0.20	0.120	170.3213069	804606	346	67.3	24.8	16	19.6	11.9	38	23.3	32.7	6	26.2
Carter Cunningham	A+	24	TOR	345	0.220	16	0.346	0.41	0.32	0.160	112.6712332	#N/A	347	67.3	32.7	33.1	32.7	16.1	31.9	42.9	20	5.2	28
Echedry Vargas	A+	20	MIA	298	0.201	7	0.255	0.32	0.25	0.053	66.33083772	#N/A	348	67.2	37.6	20.8	24.1	5.3	43.4	26.5	21.9	8.2	32.1
Luke Gold	A+	24	DET	225	0.204	5	0.275	0.34	0.23	0.057	81.20414098	#N/A	349	67.1	34.7	15.8	23.4	5.6	34.1	28.1	22.2	15.6	32.1
Garret Guillemette	A+,AA	23	HOU	144	0.243	7	0.341	0.44	0.20	0.107	117.4406404	#N/A	350	67.1	26	14.3	19.6	10.7	33.9	26.8	25	14.3	44.8
Fenwick Trimble	A+,AA,CPX	22	MIA	102	0.284	1	0.407	0.42	0.19	0.163	144.2288005	#N/A	351	67.1	27.8	21.3	18.5	16.1	50.6	26.6	21.5	1.3	18.4
Payton Green	A+,AA	22	MIA	241	0.278	6	0.345	0.43	0.23	0.087	121.3722361	#N/A	352	67.1	27.3	19.5	22.9	8.7	34.8	31	19.6	14.7	30.1
Sahid Valenzuela	A+,AA,AAA	27	OAK	167	0.228	2	0.306	0.29	0.15	0.097	62.90533881	#N/A	353	67.1	21.4	12.3	14.5	9.7	52.9	18.6	20.7	7.9	16.4
Antonio Anderson	A,A+	20	BOS	231	0.212	2	0.279	0.29	0.34	0.074	68.92326467	#N/A	354	67.1	27.7	28.4	34.2	7.3	51.4	24.7	20.5	3.4	28.8
Angel Ortiz	A+	22	ARI	433	0.266	11	0.332	0.42	0.19	0.093	102.7654572	#N/A	355	67	39.9	22.5	19.3	9.3	41.3	36.7	16.5	5.5	34.8
Brendan Durfee	A+	23	SDP	328	0.220	6	0.309	0.33	0.26	0.093	85.90110727	#N/A	356	67	32.4	25.1	26	9.3	40.3	24.9	26.2	8.6	30.3
Ariel Almonte	A+	21	CIN	326	0.193	7	0.262	0.32	0.34	0.084	64.09426454	#N/A	357	67	33.6	27.3	33.5	8.3	40.6	30.9	17.4	11.1	43
Julian Brock	A+,AA	24	TEX	221	0.208	2	0.278	0.29	0.27	0.073	72.01051354	#N/A	358	67	32.4	21.9	26.9	7.3	51	22.3	22.3	4.5	14.3
Peyton Graham	A+	24	DET	357	0.283	7	0.366	0.42	0.21	0.098	132.131486	#N/A	359	67	27.2	15	20.7	9.7	40.7	21.8	28.4	9.1	27.5
Jacob Reimer	A+,AA	21	NYM	229	0.284	8	0.384	0.50	0.19	0.119	162.945737	702544	360	66.9	22.2	12.6	19.3	11.9	40.4	26.4	26.4	6.7	31.9
Lonnie White Jr.	A+	22	PIT	282	0.220	12	0.329	0.39	0.36	0.109	111.0850281	#N/A	361	66.8	25.4	31.6	35.4	11	33.9	32.7	20.6	12.7	46.6
Boston Baro	A+	20	NYM	393	0.224	4	0.282	0.32	0.20	0.072	83.7561242	#N/A	362	66.8	33.5	15.5	20.3	7.2	37.3	32.5	25.1	5.1	35.2
Lucas Spence	A,A+,AA	22	HOU	234	0.239	6	0.337	0.41	0.26	0.111	109.1645278	#N/A	363	66.8	23.6	21.4	25.8	11.1	43	27.3	26.1	3.6	33
Jalen Vasquez	A+,AA	23	BAL	83	0.253	1	0.367	0.36	0.27	0.153	122.2989726	#N/A	364	66.7	19.3	24.2	26.5	15.3	36.8	24.6	24.6	14	46.4
Brenny Escanio	A+	22	NYY	214	0.206	3	0.331	0.29	0.28	0.152	94.50262553	#N/A	365	66.7	23.5	22.9	28	15.2	49	26.6	17.5	7	23.8
Pierce Bennett	A+	24	PHI	224	0.196	3	0.282	0.28	0.15	0.098	74.18896891	#N/A	366	66.7	26.6	13.9	14.5	9.8	39.5	28.4	27.4	4.7	22.6
Drew Brutcher	A,A+	23	HOU	157	0.185	2	0.274	0.26	0.27	0.106	52.34467349	#N/A	367	66.6	20.5	19.3	26.9	9.7	44	27.5	22.9	5.5	12.7
Randy De Jesus	A+	20	LAA	421	0.185	18	0.280	0.34	0.34	0.101	75.02668937	#N/A	368	66.6	39.1	37	33.9	10.3	40.9	29.3	17.8	12	38.5
Josue Briceno	A+,AA	20	DET	196	0.296	15	0.422	0.60	0.16	0.168	186.9434684	800522	369	66.5	22	17.7	16.4	16.8	27	38.4	22.6	11.9	42.3
Anyelo Encarnacion	A,A+	21	STL	114	0.219	2	0.270	0.31	0.30	0.057	63.87890772	#N/A	370	66.5	33.5	22.3	29.8	5.6	54.5	16.9	22.1	6.5	33.3
Wilfredo Lara	A,A+,CPX	21	MIA	231	0.182	3	0.277	0.31	0.22	0.112	71.66662781	#N/A	371	66.4	28.6	17.9	22.3	11.2	42	34.7	13.6	9.7	34.1
Chris Brito	A+	25	KCR	183	0.262	4	0.367	0.38	0.23	0.142	115.9241425	#N/A	372	66.4	20.5	21.9	23.7	14	49.2	24.2	24.2	2.3	14.1
Christian Knapczyk	A+,AA	23	CLE	370	0.259	7	0.349	0.37	0.19	0.099	108.3753849	#N/A	373	66.4	23.1	15.4	18.6	9.9	40.6	25.9	23.2	10.2	34.7
Logan Braunschweig	A+	22	ATL	85	0.294	0	0.406	0.35	0.18	0.139	140.5546729	#N/A	374	66.4	21	12.1	18.4	13.3	55.4	18.5	18.5	7.7	8.3
Marco Vargas	A,A+	20	NYM	355	0.239	1	0.328	0.30	0.20	0.118	96.5132998	#N/A	375	66.4	21.7	13.4	20	11.7	43	24.9	24.5	7.6	16.8
Modeifi Marte	A,A+	22	ARI	156	0.276	2	0.325	0.40	0.12	0.053	96.92780102	#N/A	376	66.4	35.8	11.3	11.4	4.8	42.2	23	23	11.9	32.3
Bo Davidson	A+,AA	22	SFG	282	0.309	10	0.412	0.51	0.22	0.146	153.0134446	#N/A	377	66.3	34.8	22.9	22	14.5	44.8	21	29	5.2	24.8
Chris Suero	A+,AA	21	NYM	242	0.240	13	0.382	0.45	0.29	0.136	153.1502284	#N/A	378	66.3	25.6	25.2	28.6	14	44.9	27.8	17.1	10.1	47.9
Joshua Baez	A+,AA	22	STL	145	0.317	4	0.404	0.48	0.21	0.107	151.8672941	695491	379	66.3	32.6	20.5	21.3	10.7	40	29.1	19.1	10.9	15.1
Casey Yamauchi	A+,AA	24	OAK	435	0.276	1	0.328	0.34	0.07	0.046	79.41676127	#N/A	380	66.3	27.6	9.1	7.3	4.6	52.8	22	18.8	6.4	21.2
Jose Sanabria	A+,CPX	22	SDP	100	0.170	1	0.252	0.22	0.33	0.098	40.55980563	#N/A	381	66.3	30.9	25.2	33	9.8	53.1	26.6	17.2	3.1	10.7
Cameron Decker	A,A+,CPX	21	LAD	148	0.149	5	0.275	0.29	0.30	0.122	67.32963299	#N/A	382	66.2	21.5	24.8	29.7	11.4	29.2	37.5	18.8	14.6	46.3
Oswaldo Linares	A+,AA	22	SDP	114	0.202	1	0.301	0.30	0.27	0.096	75.84784263	#N/A	383	66.2	24.6	21.8	27.4	9.6	32.5	38.8	18.8	10	26.1
Émilien Pitre	#N/A	#N/A	#N/A	#N/A	#N/A	#N/A	#N/A	#N/A	#N/A	#N/A	#N/A	#N/A	384	66.2	25.7	17	20.1	11.7	46.3	27.6	21.3	4.9	18.8
Coby Morales	A+,AA	23	NYY	338	0.251	7	0.332	0.38	0.24	0.097	115.309363	#N/A	385	66.2	29.3	21.4	24	9.6	39.5	30.6	27	2.8	20.3
Luke Shliger	A+	23	SFG	186	0.263	4	0.380	0.37	0.23	0.148	110.6530975	#N/A	386	66.2	28.6	26.8	22.7	14.6	43.9	30.2	20.9	5	28.2
Cortland Lawson	A+,AA	25	WSN	222	0.239	2	0.320	0.31	0.24	0.108	94.33379779	#N/A	387	66.2	24.6	16.3	24.1	10.6	39.4	27.5	25	8.1	26.2
Keshawn Ogans	A+,AA	23	ATL	132	0.258	0	0.355	0.32	0.10	0.105	115.0351691	#N/A	388	66.1	26.3	11.7	10.7	10.7	46	28.3	21.2	4.4	33.9
Seaver King	A+,AA	22	WSN	179	0.263	3	0.307	0.38	0.22	0.046	104.682594	814409	389	66.1	38.9	14.7	21.6	4.6	52.9	16.4	25	5.7	19
Quincy Scott	A+	22	TEX	234	0.231	4	0.328	0.32	0.29	0.117	98.3188288	#N/A	390	66	31.1	19.9	28.7	11.6	50.3	20.8	25.2	3.8	19.2
Travis Honeyman	A,A+	23	STL	183	0.268	1	0.390	0.32	0.19	0.118	112.8917317	#N/A	391	66	30.1	13.9	18.8	11.8	45.5	26.9	17.9	9	13.8
Jesus Hernandez	A,A+,AA	21	MIA	135	0.215	2	0.342	0.32	0.25	0.130	98.99847551	#N/A	392	66	20.1	18.6	23.8	13.1	31.2	34.4	26.9	7.5	22.8
Devin Saltiban	A,A+,CPX	20	PHI	263	0.190	5	0.269	0.31	0.31	0.071	76.95029436	#N/A	393	66	32.4	26.2	31	7.1	43.9	24.3	20.8	10.4	34.6
Won-Bin Cho	A,A+	21	STL	313	0.236	6	0.346	0.34	0.24	0.136	100.440218	#N/A	394	66	34.6	21.5	23.5	13.5	49.1	28.1	17.1	5.7	26.2
Erick Torres	A+	20	KCR	399	0.233	2	0.298	0.30	0.16	0.070	74.6388808	#N/A	395	66	32.2	8.8	15.7	7	51.5	15.2	21.4	11.9	22
Onil Perez	A+,AA	22	SFG	144	0.271	2	0.401	0.36	0.12	0.164	122.2129436	#N/A	396	66	27.1	15.4	12.4	16.4	49.6	19.5	19.5	11.4	33.3
Luis Caicuto	A,A+,AA	22	PHI	77	0.299	0	0.372	0.34	0.18	0.056	119.8729434	#N/A	397	66	32.1	19.6	18	5.6	61.3	8.1	25.8	3.2	14.3
Yiddi Cappe	A+,AA,CPX	22	MIA	212	0.278	4	0.330	0.38	0.21	0.077	105.0960163	#N/A	398	65.9	26.9	19.1	20.5	7.7	47.3	26.9	22.8	3	24.1
Jay Beshears	A+,AA	23	MIA	169	0.201	4	0.328	0.36	0.25	0.147	102.2847258	#N/A	399	65.8	24.5	20.5	24	14.7	38	30.6	16.5	14.9	40.4
Andy Garriola	A+,AA	25	CHC	232	0.220	8	0.292	0.38	0.24	0.073	88.8183478	#N/A	400	65.8	32.2	25.3	24.2	7.3	38.4	29.7	13.4	18.6	33.8
Jay Harry	A+,AA	22	TOR	202	0.228	3	0.302	0.33	0.19	0.093	77.49415136	#N/A	401	65.8	43.8	19.8	18.6	9.5	39.9	30.4	21.5	8.2	45.1
A.J. Ewing	A,A+,AA	20	NYM	299	0.288	2	0.387	0.39	0.19	0.131	138.4829786	#N/A	402	65.8	22.9	15.8	18.6	13	39.6	28.1	29.4	3	22.2
Walker Janek	A+	22	HOU	358	0.263	12	0.333	0.43	0.27	0.075	112.8290603	#N/A	403	65.7	31.9	22.4	26.3	7.3	37.3	26.2	25.8	10.7	34.4
Micah McDowell	A,A+	24	MIA	102	0.216	0	0.344	0.31	0.23	0.156	99.27592269	#N/A	404	65.7	19.1	18	22.8	15.4	48.6	20.3	25.7	5.4	38.2
Ryan Ignoffo	A+,AA	24	MIA	160	0.225	6	0.294	0.43	0.15	0.089	104.8831729	#N/A	405	65.6	23.1	14.5	15	8.9	39	29.4	17.6	14	31.3
Troy Schreffler Jr.	A+	24	NYM	149	0.215	3	0.276	0.33	0.34	0.074	85.22799743	#N/A	406	65.6	27.6	30.6	34.1	7.3	43.6	23.4	20.2	12.8	17.1
David Calabrese	A+,AA	22	LAA	121	0.215	5	0.287	0.41	0.20	0.095	91.77368439	#N/A	407	65.5	32.6	21.1	20.4	9.5	43.8	36.5	12.5	7.3	44.7
Ryan Jackson	A,A+,AA	23	SDP	171	0.234	1	0.357	0.29	0.15	0.139	95.35530905	#N/A	408	65.5	21.2	15.4	15.2	13.8	47.2	19	23.9	9.9	23
Tre Richardson	A+	23	STL	303	0.241	3	0.330	0.33	0.17	0.096	92.25894774	#N/A	409	65.5	27.9	14.2	17.4	9.6	45	26.7	21.7	6.7	23.3
Sean Barnett	A,A+	22	SDP	173	0.191	3	0.314	0.28	0.35	0.111	79.54260903	#N/A	410	65.5	26.3	29.5	34.6	11.2	36.6	37.6	18.8	6.9	29.8
Daniel Vellojin	A+	25	TBR	254	0.193	6	0.304	0.31	0.26	0.120	88.09944739	#N/A	411	65.5	28.8	20	25.9	12.1	35.4	30.9	19.7	14	42.2
Jack Moss	A+,CPX	23	CIN	92	0.337	0	0.418	0.38	0.19	0.118	131.5227874	#N/A	412	65.4	21.8	16.5	19.1	11.8	48.6	20.3	31.1	0	13.2
Lazaro Montes	A+,AA	20	SEA	250	0.268	18	0.387	0.57	0.28	0.159	149.0699632	703155	413	65.4	37	32.6	27.6	15.9	40.5	29.2	23.2	7.1	36.4
Brandon Butterworth	A+,AA	22	SDP	341	0.267	11	0.327	0.45	0.21	0.069	119.0919569	#N/A	414	65.4	26.3	19.5	20.6	6.9	40.6	31.6	18.8	9	28.4
Sam Kulasingam	A+	23	KCR	468	0.291	2	0.375	0.39	0.16	0.115	121.8981392	#N/A	415	65.4	25.1	13.2	15.6	11.2	53.6	22.2	20.9	3.3	13.6
Jonny Farmelo	A+	20	SEA	113	0.230	6	0.318	0.46	0.29	0.109	102.3094367	#N/A	416	65.4	37.4	25.5	29.4	10.3	36	33.3	22.7	8	35.7
Carlos Rojas	A+	22	LAD	209	0.215	2	0.285	0.27	0.13	0.084	63.10505588	#N/A	417	65.3	27.1	9.8	13	8.4	53	24.3	16.2	6.5	14.7
Duce Gourson	A+,AA	22	PIT	138	0.261	5	0.368	0.45	0.17	0.102	136.7176488	#N/A	418	65.3	20.5	14.6	16.7	10.1	44.7	28.1	19.3	7.9	35.2
Drew Cavanaugh	A,A+,AA,AAA	23	SFG	131	0.298	6	0.407	0.50	0.28	0.136	149.0834455	#N/A	419	65.3	29.6	29.2	28.2	13.5	41.6	33.7	24.7	0	17.3
Ariel Armas	A+	22	CHC	334	0.234	5	0.325	0.35	0.18	0.100	95.35198393	#N/A	420	65.2	29.5	16.3	18.4	9.9	39.6	30.4	21.9	8.1	30.9
Jackson Castillo	A+,AA	22	NYY	351	0.242	5	0.337	0.34	0.20	0.118	106.3236142	#N/A	421	65.1	24.7	12.8	20	11.8	42.9	29.7	22	5.5	22
Ambioris Tavarez	A+,AA	21	ATL	339	0.209	5	0.319	0.28	0.35	0.118	93.17171477	#N/A	422	65.1	25.9	30.1	34.8	11.8	53.2	21.7	19.7	5.4	27.4
Jack Costello	A+	24	SDP	395	0.220	10	0.298	0.34	0.17	0.059	85.46311257	#N/A	423	65.1	29.9	14.6	17.2	6	38.3	28.5	19.6	13.6	36.8
Jeral Perez	A+	20	CHW	480	0.244	22	0.315	0.45	0.21	0.082	123.7225255	#N/A	424	65.1	32.3	17.3	21	8.2	38.2	35.8	17.3	8.7	33.7
John Michael Faile	A+	25	CIN	335	0.233	13	0.290	0.41	0.28	0.066	93.73135876	#N/A	425	65.1	32.4	19.3	27.8	6.7	36.2	34.9	20.7	8.2	22.5
Dayson Croes	A+,AA,AAA,CPX	25	SFG	173	0.283	1	0.381	0.42	0.15	0.118	125.1092774	#N/A	426	65	37	15.4	14.3	11.8	50.7	21.9	25.3	2.1	11.6
Cameron Leary	A,A+	23	OAK	109	0.275	1	0.374	0.36	0.24	0.119	100.5256162	#N/A	427	64.9	17.5	23	23.8	11.5	38.8	26.3	27.5	7.5	23.3
Wilman Diaz	A+	21	LAD	143	0.203	3	0.304	0.32	0.27	0.118	82.08551723	#N/A	428	64.9	21.2	22.3	27.2	11.8	42.6	23.8	18.8	14.9	23.3
Eduardo Garcia	A+,AA	22	MIL	361	0.252	13	0.341	0.43	0.26	0.100	118.3282236	#N/A	429	64.9	32.8	23.4	25.8	9.9	34.9	24.3	23.9	16.9	32.5
Ethan Long	A+	24	SDP	163	0.184	4	0.278	0.27	0.32	0.107	61.69797141	#N/A	430	64.8	24.2	27.5	31.6	10.7	42.5	27.4	24.5	5.7	29.1
Caden Kendle	A+	23	MIN	322	0.236	8	0.323	0.38	0.19	0.089	102.6790664	#N/A	431	64.8	28.9	16.6	18.6	8.9	43.8	24.8	19.4	12	28.1
Jake Gelof	A+,CPX	23	LAD	313	0.224	16	0.318	0.45	0.27	0.122	116.4874021	#N/A	432	64.8	20.6	22.5	26.3	12.3	37.2	35.8	17	10.1	27.8
Blake Wright	A,A+	23	COL	212	0.255	7	0.301	0.44	0.16	0.043	90.87989952	#N/A	433	64.8	47.7	26	16	4.3	44.7	28.5	20.1	6.7	27.6
Colt Emerson	A+,AA,AAA	19	SEA	342	0.281	11	0.388	0.45	0.17	0.131	124.950724	806068	434	64.7	35.7	15.8	16.5	13.1	50.4	26.1	19.3	4.3	28.3
Nolan Sailors	A+	21	KCR	106	0.283	0	0.412	0.37	0.21	0.150	132.3611489	#N/A	435	64.7	18.3	17.3	21.9	14.8	64.9	11.7	22.1	1.3	11.5
Thomas Sosa	A,A+,AA	20	BAL	167	0.222	6	0.309	0.41	0.24	0.094	111.7233709	#N/A	436	64.6	30.1	25.2	24.1	9.4	35	29.3	24.4	11.4	31.8
Parks Harber	A,A+	23	NYY	222	0.329	10	0.419	0.55	0.22	0.123	175.0592375	#N/A	437	64.6	27.5	18.4	21.8	12.3	41.3	25.1	29.9	3.6	21.7
Jonah Advincula	A+,AA	24	CLE	158	0.278	5	0.431	0.46	0.14	0.190	155.8244524	#N/A	438	64.5	17.7	10.4	13.6	18.9	41.4	24.1	22.6	12	37.1
Victor Arias	A+,AA	21	TOR	279	0.294	5	0.381	0.44	0.20	0.113	128.9534721	#N/A	439	64.5	34.4	23	20.1	11.3	54.4	19.1	19.1	7.4	26.8
Ben Newton	A+,AA,AAA,CPX	23	OAK	117	0.239	0	0.283	0.29	0.32	0.054	50.73442506	#N/A	440	64.5	21.7	21.4	31.7	5.6	42.9	16.9	36.4	3.9	19.5
Nick Goodwin	A+	23	TOR	320	0.244	12	0.366	0.40	0.18	0.135	117.971212	#N/A	441	64.5	32.5	21.8	17.6	13.4	38.5	38.1	16.3	7.1	17.5
Jesus Baez	A,A+	20	STL	365	0.244	14	0.327	0.40	0.19	0.103	115.7231849	#N/A	442	64.5	30.1	17.1	18.5	10.5	44.4	25.3	15.6	14.6	29.7
CJ Rodriguez	A+,AA	24	OAK	122	0.189	1	0.291	0.25	0.20	0.113	49.67015258	#N/A	443	64.5	16.7	20.1	19.4	11.1	42.7	27.1	25	5.2	26
Poncho Ruiz	A,A+	23	MIN	175	0.229	1	0.348	0.32	0.20	0.143	99.00838875	#N/A	444	64.5	22.4	15.4	19.4	14.1	40.3	25.4	23.1	11.2	24.6
Izaac Pacheco	A+	22	DET	341	0.258	17	0.388	0.50	0.29	0.174	154.6943496	#N/A	445	64.4	24.1	27.6	28.4	17.5	34.1	37.7	23.8	4.5	33.6
Raudelis Martinez	A+	23	TBR	243	0.239	4	0.339	0.32	0.14	0.124	100.8230728	#N/A	446	64.4	22.1	12.5	13.7	12.4	44.8	22.6	25.5	7.1	26.5
Eli Serrano III	A+	22	NYM	324	0.222	7	0.332	0.36	0.20	0.131	113.1944033	#N/A	447	64.3	25.4	15.9	20	13	41	25.9	26.3	6.8	28.2
Josh Moylan	A+	22	NYY	376	0.221	7	0.343	0.35	0.30	0.142	112.0331077	#N/A	448	64.3	21.1	26.6	29.7	14.2	39.9	29.6	25.1	5.3	27.8
Tayden Hall	A+	22	MIL	261	0.157	4	0.336	0.26	0.24	0.199	82.69721088	#N/A	449	64.3	17.7	24.5	23.4	19.9	37.8	27	20.5	14.6	35.2
Aidan Smith	A+	20	TBR	397	0.237	14	0.331	0.39	0.31	0.115	113.9626365	#N/A	450	64.3	28.5	26.1	31.2	11.5	41.5	28.3	18.6	11.2	33.1
Kai Roberts	A+,CPX	24	SDP	280	0.211	4	0.335	0.27	0.28	0.137	84.42770673	#N/A	451	64.2	20.2	26.1	28.7	13.6	63.3	18.6	16.5	1.6	10.6
Jack Penney	A,A+,CPX	22	DET	252	0.262	5	0.382	0.37	0.20	0.150	127.8009031	#N/A	452	64.2	18.3	15.7	19.8	15.2	42.4	23.6	29.8	4.2	13.7
Chase Jaworsky	A+	20	HOU	237	0.228	4	0.351	0.34	0.22	0.119	100.3661218	#N/A	453	64.2	24.4	14.8	22.6	11.7	54	19.5	14.9	11.5	23.3
Dillon Lewis	A,A+	22	NYY	289	0.228	13	0.320	0.43	0.21	0.108	121.2266506	#N/A	454	64.1	24.2	20.4	20.4	10.9	40.7	25.8	16.7	16.7	37.2
Alexis Hernandez	A,A+,CPX	22	TOR	92	0.293	3	0.358	0.47	0.17	0.094	125.2409781	#N/A	455	64.1	35.4	21.5	17	9.4	50.6	22.1	16.9	10.4	26.7
Darlyn Montero	A+,CPX	23	OAK	114	0.193	2	0.273	0.28	0.34	0.063	48.68695578	#N/A	456	64	30.3	27.8	33.3	6.2	58.3	19.4	16.7	5.6	26.9
Colby Jones	A,A+	21	ATL	121	0.240	0	0.308	0.26	0.21	0.075	82.51695211	#N/A	457	64	29	9.6	20.2	7	56.5	15.2	19.6	8.7	9.4
Brenner Cox	A,A+	21	WSN	152	0.132	0	0.205	0.18	0.42	0.077	24.41652982	#N/A	458	64	30.9	34.7	42	7.7	43.4	27.7	21.7	7.2	36.6
Hedbert Perez	A+,AA	22	MIL	292	0.209	14	0.330	0.41	0.26	0.148	108.0143923	#N/A	459	64	26.9	22.1	26	14.7	33.7	34.7	15.3	16.3	39.6
Cam Cannarella	A+	21	MIA	88	0.284	0	0.337	0.38	0.19	0.074	107.2054053	#N/A	460	64	23.3	15.4	18.8	7.3	45.7	22.9	31.4	0	7.9
Ryan Waldschmidt	A+,AA	22	ARI	235	0.268	9	0.415	0.45	0.18	0.169	140.9961552	814439	461	63.9	25.1	17.4	17.5	16.9	38.7	36.6	19.9	4.8	20
Dylan Campbell	A+,AA	22	PHI	213	0.221	7	0.302	0.39	0.24	0.091	106.8599326	#N/A	462	63.8	28	25.3	23.8	9	27.7	35.8	22.6	13.8	28
Core Jackson	A+	21	NYY	93	0.183	0	0.287	0.28	0.29	0.102	76.31378615	#N/A	463	63.8	22.6	24.8	28.6	10.5	47.5	21.3	24.6	6.6	17.9
Avery Owusu-Asiedu	A,A+	22	PHI	174	0.247	2	0.350	0.37	0.24	0.135	117.9055098	#N/A	464	63.8	25.1	18.7	24	13.5	33.6	27.3	28.1	10.9	32.4
Cooper McMurray	A+	23	ATL	68	0.132	2	0.263	0.24	0.36	0.100	67.46148604	#N/A	465	63.8	31.7	30.5	36.4	10.4	50	36.8	7.9	5.3	35.3
Jefrey De Los Santos	A+,AA	22	NYM	170	0.194	4	0.289	0.34	0.30	0.108	91.26831152	#N/A	466	63.8	21.8	23.8	29.7	10.8	39.5	33.3	20.2	7	23
Braylen Wimmer	A+,AA	24	COL	338	0.302	14	0.376	0.50	0.22	0.080	130.7972634	#N/A	467	63.8	48.6	34.8	21.9	8	44.4	30.9	21.2	3.5	17
Kevin Sim	A+,CPX	23	ARI	126	0.214	1	0.277	0.26	0.26	0.051	51.13812667	#N/A	468	63.7	41.4	27.1	26.3	5.1	45.6	22.2	24.4	7.8	21.4
Mason Guerra	A,A+	22	ATL	192	0.182	3	0.262	0.26	0.24	0.093	66.84813946	#N/A	469	63.6	22.2	18.4	23.6	9.3	54.3	20	16.4	9.3	15.7
Austin Overn	A+,AA	22	BAL	277	0.242	8	0.367	0.39	0.28	0.155	126.7295234	#N/A	470	63.5	23.3	23.6	28.1	15.5	43.6	26.1	16.5	13.8	46.3
Elijah Green	A,A+,CPX	21	WSN	123	0.171	3	0.271	0.26	0.46	0.114	67.86812636	#N/A	471	63.5	27.1	37.4	45.7	11.4	52.5	23.7	23.7	0	14.3
Casey Cook	A+	22	TEX	425	0.205	6	0.302	0.29	0.22	0.105	82.58454798	#N/A	472	63.4	27.1	18.4	21.3	10.5	40.7	27.8	22.5	9	31.9
Zach Evans	A,A+	22	SDP	98	0.194	0	0.240	0.21	0.32	0.048	32.28178981	#N/A	473	63.4	33.7	26.4	30.4	4.9	53.8	23.1	12.3	10.8	4.3
Demetrio Crisantes	A+	20	ARI	123	0.252	4	0.358	0.41	0.13	0.139	111.1416684	#N/A	474	63.4	30.3	6.2	12.6	13.9	36.7	36.7	17.4	9.2	25.4
Ryan Stafford	A+	22	BAL	270	0.178	0	0.306	0.25	0.25	0.123	76.50863605	#N/A	475	63.4	24.9	17.2	24.6	12.3	41.4	26.3	21.7	10.6	25.3
Connor Burns	A+,AA	23	CIN	198	0.192	9	0.271	0.37	0.38	0.080	79.44537261	#N/A	476	63.4	31.5	36.9	38.1	8	36.8	32.5	17.1	13.7	29.3
Mac Horvath	A+	23	TBR	382	0.233	16	0.333	0.40	0.21	0.132	115.5849232	#N/A	477	63.4	19.9	20.8	20.6	13.3	36.5	33.4	16.4	13.7	39.7
Mitchell Daly	A,A+,AA,AAA	24	LAA	71	0.141	2	0.208	0.25	0.38	0.076	29.6685701	#N/A	478	63.3	42.9	45.2	36.8	7.9	47.6	28.6	16.7	7.1	21.1
Ben McLaughlin	A+,AA,CPX	23	ARI	220	0.250	5	0.378	0.40	0.17	0.169	117.6715002	#N/A	479	63.3	32.7	15	17	16.7	40	32	19.4	8.6	25.6
Tai Peete	A+	19	SEA	475	0.217	19	0.288	0.40	0.31	0.087	78.79209189	#N/A	480	63.2	39.6	32.5	30.4	8.5	35.1	29.7	25.6	9.5	42.3
Zane Zielinski	A+	23	SFG	412	0.240	4	0.338	0.30	0.25	0.101	86.48272172	#N/A	481	63.2	32	23.1	25.4	10.1	51	20.6	20.9	7.4	20.3
Aaron Parker	A+	22	TOR	249	0.233	8	0.301	0.39	0.20	0.076	89.57287906	#N/A	482	63.2	44.3	21.1	19.5	7.6	42.1	31.5	16.2	10.2	23.4
Caleb Farmer	A+,AA	25	WSN	75	0.107	2	0.193	0.25	0.30	0.060	38.18333731	#N/A	483	63.2	30.6	24.5	29.8	6	40	34	12	14	17.4
Samuel Zavala	A+	20	CHW	409	0.254	9	0.360	0.37	0.21	0.134	121.8926812	#N/A	484	63.2	26	17.5	21.4	12.8	43.4	32.5	17.4	6.8	47.7
Blake Mitchell	A+,CPX	20	KCR	169	0.207	2	0.372	0.30	0.33	0.208	102.5602844	#N/A	485	63.1	20.1	29.9	32.7	20.9	38.8	28.6	24.5	8.2	26.9
Junior Franco	A+,AA	22	ARI	230	0.300	7	0.372	0.47	0.13	0.096	129.7867221	#N/A	486	63	33.7	14.8	12.4	9.7	47.2	25.4	14.7	12.7	40.5
Derek Berg	A,A+,AA	23	PIT	88	0.250	2	0.352	0.40	0.36	0.123	117.7124305	#N/A	487	63	26	27.7	35.8	12.3	34	28.3	32.1	5.7	28.1
Jake Steels	A,A+	23	ATL	80	0.238	1	0.326	0.30	0.17	0.095	98.89656214	#N/A	488	62.9	28.5	13.9	16.8	9.5	58.2	20.9	16.4	4.5	16
Ivan Brethowr	A+	22	PIT	327	0.223	6	0.402	0.32	0.26	0.166	121.6118524	#N/A	489	62.9	22.8	24.5	26.3	16.6	36.3	31.6	26.5	5.6	22.4
Kay-Lan Nicasia	A,A+	23	MIL	211	0.156	6	0.307	0.30	0.38	0.160	80.336038	#N/A	490	62.9	22.7	37.5	37.8	15	44.6	28.6	15.2	11.6	38.8
Carter Dorighi	A,A+	22	SEA	141	0.262	0	0.312	0.37	0.25	0.065	78.31596876	#N/A	491	62.9	36.7	16.7	25.3	6	55.9	22.5	20.6	1	13.6
Nick Schwartz	A+,AAA	24	OAK	94	0.255	1	0.307	0.34	0.29	0.067	72.06828406	#N/A	492	62.9	27.5	27.9	28.8	6.7	52.3	20	20	7.7	15.4
Scott Bandura	A+,AA	23	SFG	319	0.307	7	0.399	0.44	0.24	0.118	136.0542322	#N/A	493	62.8	31.5	20.1	23.9	11.8	44.8	22.4	27.6	5.2	25
Maick Collado	A+	22	CLE	289	0.249	3	0.310	0.33	0.15	0.081	83.12191337	#N/A	494	62.7	30	10.9	14.2	7.9	42.3	22.8	23.6	11	27.2
Edward Duran	A,A+	21	TOR	122	0.230	3	0.329	0.34	0.19	0.114	90.77235192	#N/A	495	62.7	39.8	25.3	18.1	11.6	52.7	20.4	17.2	9.7	20
Ryan Lasko	A+,AAA,CPX	23	OAK	257	0.241	5	0.359	0.34	0.23	0.131	92.79772243	#N/A	496	62.7	17.6	29.9	23.3	13.1	44.4	25.4	21.2	9	27.3
Canyon Brown	A+	21	KCR	222	0.225	2	0.309	0.30	0.23	0.089	77.92228217	#N/A	497	62.7	27.2	17.2	22.9	8.8	45.9	24.7	22.4	7.1	21.3
Geovanny Planchart	A+	23	PIT	150	0.193	3	0.307	0.29	0.19	0.128	80.22669355	#N/A	498	62.7	25.3	13.8	19	12.8	40.3	21	24.4	14.3	40.7
Matt Coutney	A,A+,AA	25	LAA	253	0.261	14	0.368	0.48	0.26	0.125	137.9434779	#N/A	499	62.7	33.9	28.2	25.8	12.4	45.8	31.1	19.8	3.4	32.2
Carter Trice	A+,AA	22	CHC	257	0.198	14	0.352	0.40	0.27	0.173	119.7301295	#N/A	500	62.6	21.9	24.9	27.3	17.2	44.1	31.2	15.3	9.4	39.2
Charlie Pagliarini	A+	24	SEA	419	0.224	21	0.349	0.45	0.27	0.150	112.150169	#N/A	501	62.6	36	29.4	26.1	14.8	37.6	31.7	22.3	8.4	36.8
Nick Biddison	A+,AA,AAA,CPX	24	LAD	77	0.182	1	0.326	0.26	0.26	0.113	88.24178321	#N/A	502	62.6	21.7	17.5	25.8	11.3	22.2	38.9	22.2	16.7	30.3
Andrew Sojka	A+	24	STL	73	0.164	1	0.238	0.26	0.23	0.086	42.30682735	#N/A	503	62.5	32.7	21.1	21.8	7.7	48.1	22.2	18.5	11.1	22.7
Trevor Werner	A+,CPX	24	KCR	298	0.201	7	0.280	0.34	0.33	0.097	76.50427858	#N/A	504	62.5	31	24.9	32.4	9.7	39.1	28.6	18.8	13.5	37.4
Patrick Lee	A,A+	25	DET	200	0.205	4	0.346	0.30	0.39	0.152	100.2043354	#N/A	505	62.5	20.1	27.4	38.9	15.5	46.6	28.2	21.4	3.9	19.6
Gavin Dugas	A+	25	WSN	276	0.181	5	0.304	0.27	0.27	0.114	82.81377845	#N/A	506	62.5	27.9	22.4	26.4	10.9	31.3	29.7	26	13	38.3
Zyhir Hope	A+,AA	20	LAD	439	0.264	13	0.377	0.43	0.27	0.149	131.7158229	#N/A	507	62.5	20.7	27.4	26.4	14.8	35.2	32.6	24	7.9	31.4
Elijah Hainline	A,A+,AAA	22	LAD	139	0.273	4	0.394	0.42	0.21	0.152	135.8335366	#N/A	508	62.5	14.3	16.3	20.8	14.9	52.4	16.5	23.3	7.8	22
Jackson Nicklaus	A,A+	22	LAD	73	0.164	1	0.262	0.29	0.45	0.119	59.78499121	#N/A	509	62.4	21.7	36.5	45.2	11.9	36.1	38.9	22.2	2.8	31.8
Blake Robertson	A+	24	TBR	277	0.202	4	0.337	0.29	0.26	0.158	95.29804752	#N/A	510	62.4	22.6	29.2	25.9	16	55.6	20.6	21.2	2.6	13.9
Nate Furman	A,A+,AA,CPX	23	SFG	77	0.364	6	0.490	0.65	0.07	0.156	211.2766056	801501	511	62.4	16.1	8.3	7.3	15.6	54.3	27.1	17.1	1.4	51.6
Ryan Cesarini	A,A+	22	CLE	96	0.292	3	0.373	0.47	0.16	0.100	137.6481839	#N/A	512	62.3	22.6	21.1	16.2	10.5	45.3	22.7	21.3	10.7	12.1
Nate Baez	A+,AA	24	MIN	148	0.331	3	0.457	0.45	0.16	0.174	166.015788	#N/A	513	62.3	23.9	18.8	16.3	17.4	41.2	28.6	21.8	8.4	28.3
Jesus Made	A,A+,AA	18	MIL	108	0.343	2	0.415	0.50	0.18	0.106	157.0473941	815908	514	62.3	28.2	21.8	17.9	11.1	40	22.5	25	12.5	39.5
Bennett Lee	A+	23	DET	202	0.114	3	0.232	0.19	0.39	0.122	34.31328982	#N/A	515	62.1	23.4	36	39.1	12.4	45.5	24.5	19.1	10.9	37.5
John Taylor	A+	24	TEX	199	0.256	2	0.336	0.35	0.21	0.090	107.7406672	#N/A	516	62.1	27.2	13.8	20.7	8.6	47.7	21.2	24.5	6.6	21.7
Hayden Gilliland	A,A+,AA	23	TOR	68	0.206	2	0.325	0.34	0.34	0.157	88.84405158	#N/A	517	61.9	33.9	33.3	33.3	15.5	35.7	31	23.8	9.5	26.1
Charlie Szykowny	A+	25	SFG	490	0.276	21	0.339	0.48	0.19	0.053	121.7718742	#N/A	518	61.9	38.8	18.2	18.3	5.3	38.1	32.6	19.7	9.6	30.4
Cristofer Torin	A+,AA	20	ARI	467	0.287	6	0.381	0.39	0.14	0.121	115.2120527	#N/A	519	61.8	27.7	10.1	14.4	12.2	45.8	21.9	24.4	8	25
Jackson Strong	A,A+	21	DET	81	0.222	4	0.330	0.42	0.34	0.138	119.9201209	#N/A	520	61.8	18	31.9	34	13.8	26.5	34.7	26.5	12.2	40
Drew Vogel	A+	23	HOU	362	0.180	11	0.274	0.31	0.37	0.094	64.40353023	#N/A	521	61.8	22.5	30.6	37.3	9.2	34	33	23	10	39.3
George Lombard Jr.	A+,AA	20	NYY	82	0.329	1	0.495	0.49	0.20	0.207	193.9869233	#N/A	522	61.8	15.9	19.1	19.6	20.5	44.3	29.5	23	3.3	21.9
Druw Jones	A+	21	ARI	478	0.255	5	0.335	0.36	0.23	0.103	92.31643728	702258	523	61.7	34.5	16.5	22.7	10.3	51.3	24.9	19.6	4.2	8.8
Michael Snyder	A+,AA	24	MIA	161	0.248	4	0.403	0.39	0.20	0.194	136.2407927	#N/A	524	61.6	17.5	20.5	20	19.5	38.2	28.5	26.8	6.5	27.9
Kyle Lodise	A+	21	CHW	92	0.185	4	0.319	0.37	0.19	0.133	108.4946655	#N/A	525	61.6	24.9	13.2	18.2	12.7	42.3	43.7	11.3	2.8	30.8
Sam Antonacci	A+,AA,CPX	22	CHW	226	0.279	4	0.425	0.41	0.13	0.135	153.8352724	#N/A	526	61.6	23.6	8.6	12.8	13.5	50.3	25.9	19.7	4.1	19.3
Hudson White	A+	22	BOS	240	0.188	4	0.269	0.28	0.25	0.085	65.33948704	#N/A	527	61.5	27	22.9	25	8.5	41.1	25.7	17.7	15.4	19.7
Jake Snider	A+,AA	27	SDP	107	0.243	0	0.364	0.34	0.25	0.146	107.6035739	#N/A	528	61.5	21.3	18.3	25.4	14.6	46.1	19.7	27.6	6.6	13.9
C.J. Pittaro	A,A+	23	OAK	85	0.176	0	0.222	0.20	0.26	0.056	8.344336944	#N/A	529	61.5	19	17.6	25.6	5.8	62.7	15.3	16.9	5.1	21.1
Kasen Wells	A,A+,CPX	21	SDP	117	0.239	0	0.318	0.29	0.18	0.106	79.20377729	#N/A	530	61.4	25.1	10.8	18.8	10.9	51.1	17.8	25.6	5.6	12.8
Yerlin Confidan	A+	22	CIN	416	0.224	4	0.315	0.32	0.28	0.108	83.65502312	#N/A	531	61.3	21.1	28.2	27.9	10.8	54.3	19.5	20.9	5.3	24.6
Trent Farquhar	A,A+,AA,CPX	24	PHI	96	0.229	0	0.359	0.28	0.15	0.160	102.154592	#N/A	532	61.2	18	8.6	15	15.8	49.4	21	19.8	9.9	6.1
Braedon Karpathios	A+,AA	22	SDP	366	0.254	12	0.370	0.41	0.27	0.150	126.099747	#N/A	533	61.1	17.3	24.1	27.3	14.8	48.8	21.8	24.6	4.8	21.7
Jefferson Rojas	A+,AA	20	CHC	252	0.278	11	0.379	0.49	0.16	0.127	145.2604894	#N/A	534	61.1	28.1	16.5	15.7	12.7	39.4	31.3	18.8	10.6	31.7
Kendall George	A+	20	LAD	424	0.295	3	0.409	0.37	0.15	0.163	130.8468535	#N/A	535	61	18.6	15.2	15.1	16.3	61.5	15.1	18.8	4.6	6.7
Cutter Coffey	A+	21	TOR	384	0.273	11	0.359	0.43	0.23	0.107	119.2434516	#N/A	536	61	37.6	25.5	23	10.6	39.7	31.6	24.5	4.3	20.9
Daniel Guilarte	A+	21	MIL	300	0.157	1	0.247	0.19	0.35	0.104	30.05608979	#N/A	537	61	26.5	26.9	34.1	10.6	47.6	25.9	21.1	5.4	10.3
Miguel Pabon	A+	24	CHC	193	0.192	1	0.286	0.23	0.29	0.109	55.80121709	#N/A	538	60.9	24.3	27.9	29.4	11	35.9	39.1	21.9	3.1	21.8
Maikol Hernández	#N/A	#N/A	#N/A	#N/A	#N/A	#N/A	#N/A	#N/A	#N/A	#N/A	#N/A	#N/A	539	60.9	25.1	21.1	29.5	8.4	35.6	39	18.6	6.8	23.5
Ian Petrutz	A+	22	STL	316	0.247	5	0.354	0.35	0.13	0.108	106.3573445	#N/A	540	60.7	35.5	17.4	13	10.9	47.7	23.7	17.7	10.9	39.1
Colby Shade	A+,AA	23	MIA	240	0.246	1	0.386	0.34	0.24	0.149	121.7194542	#N/A	541	60.7	22.4	24.6	24.1	14.9	37.3	29.6	26.6	6.5	17.9
Luis Pena	A,A+	18	MIL	101	0.168	3	0.220	0.30	0.25	0.055	42.42618643	#N/A	542	60.7	40.4	18.2	25	5.8	39.4	29.6	16.9	14.1	24.2
Jesus Ordonez	A+	25	COL	83	0.145	1	0.211	0.23	0.22	0.055	8.631990564	#N/A	543	60.7	38.6	25.5	22	5.5	57.8	25	9.4	7.8	27.3
James Tibbs III	A+,AA	22	BOS	207	0.246	12	0.379	0.48	0.18	0.164	136.8573864	#N/A	544	60.6	25.9	19.8	17.5	16.3	50.9	27.3	19.4	2.4	26
Harry Owen	A+	23	ATL	121	0.174	1	0.259	0.23	0.18	0.074	61.47435464	#N/A	545	60.6	30.4	14.6	17.6	7.4	52	19.4	23.5	5.1	21.4
Joe Olsavsky	A,A+,AAA	23	ATL	98	0.163	1	0.311	0.23	0.22	0.126	84.7284723	#N/A	546	60.6	25.8	15.9	21.8	12.6	34.7	36.1	20.8	8.3	31.7
T.J. Schofield-Sam	A+,AA	24	OAK	384	0.281	5	0.367	0.40	0.21	0.054	108.1806653	#N/A	547	60.6	24.9	19.2	21.3	5.4	43.5	25.2	23.5	7.8	20.3
Nazzan Zanetello	A+	20	BOS	295	0.173	6	0.309	0.27	0.37	0.146	80.84096942	#N/A	548	60.6	22	30.1	37.1	14.7	42	28.4	14.2	15.4	36.2
Griff O'Ferrall	A+,AA	22	BAL	411	0.226	4	0.318	0.30	0.15	0.112	90.3724356	#N/A	549	60.6	23	8.7	14.9	11.2	38.7	26	26.6	8.7	23.1
Kyle DeBarge	A+	21	MIN	459	0.237	8	0.347	0.36	0.22	0.129	107.3406873	#N/A	550	60.5	24.7	18.3	21.5	13	43.6	24.6	20.5	11.4	35.1
Josue De Paula	A+,AA	20	LAD	342	0.263	12	0.406	0.42	0.20	0.190	142.1307184	800543	551	60.4	14.1	19.5	19.9	18.7	40.2	27.7	26.2	5.9	26.1
Rodney Green Jr.	A,A+	22	OAK	303	0.158	7	0.279	0.29	0.33	0.135	53.77986225	#N/A	552	60.4	19.7	32.7	33.1	13.5	34.9	37.6	18.8	8.6	34.3
Ryan Nicholson	A+,AA	24	LAA	330	0.264	14	0.381	0.45	0.24	0.145	134.3875297	#N/A	553	60.3	27.4	28	23.4	14.5	43.6	32.4	19.9	4.1	38.9
Kyle Hess	A+,AA	26	MIN	182	0.231	3	0.373	0.36	0.26	0.159	118.4315348	#N/A	554	60.3	26.6	21.1	26.4	15.9	36.3	26.6	24.2	12.9	50.8
John Spikerman	A,A+,CPX	22	PHI	83	0.217	0	0.362	0.28	0.28	0.170	102.2869926	#N/A	555	60.3	21.1	21.2	28.3	17	48.2	26.8	19.6	5.4	15.4
Brock Vradenburg	A+	23	PHI	259	0.178	3	0.309	0.29	0.25	0.161	81.17353191	#N/A	556	60.2	18.1	27.1	24.8	15.9	43.2	25.7	22.4	8.7	29.5
Trevor Austin	A+,AA	23	HOU	77	0.182	3	0.297	0.35	0.23	0.110	82.78781026	#N/A	557	60.2	15.5	21.4	23.1	11	42.1	35.1	12.3	10.5	22.2
Matt Suggs	A+,AA	25	WSN	79	0.203	0	0.330	0.28	0.27	0.149	93.23218436	#N/A	558	60	21	18.8	26.3	14.7	53.7	24.1	20.4	1.9	20.8
Johnny Ascanio	A+,AA	21	CIN	217	0.240	4	0.379	0.35	0.16	0.153	115.3095773	#N/A	559	59.9	21.1	16.3	16	15.3	53	19.9	19.9	7.2	26.4
Kevin Rivas	A+,AA	22	CLE	107	0.178	2	0.300	0.29	0.42	0.123	73.71684967	#N/A	560	59.9	22.9	35.6	42.1	11.9	43.6	27.3	25.5	3.6	31
Caden Connor	A+,AA,AAA	24	CHW	64	0.266	2	0.383	0.36	0.15	0.148	126.1597254	#N/A	561	59.9	29.3	6.1	14.8	14.8	52.7	27.3	9.1	10.9	15
Rafael Morel	A+,AAA	23	CHC	302	0.172	3	0.298	0.25	0.31	0.138	64.76086965	#N/A	562	59.9	26.2	22	30.8	13.7	37.6	27.3	18.6	16.5	48.3
Terrell Tatum	A+	25	CHW	112	0.188	1	0.305	0.27	0.35	0.137	81.28695395	#N/A	563	59.8	29.8	27.5	34.6	13.5	59.1	18.2	16.7	6.1	13
Guillermo Williamson	A+	21	SFG	78	0.218	3	0.361	0.36	0.27	0.186	107.2634264	#N/A	564	59.7	32.7	39.3	26.8	18.6	50.9	28.3	17	3.8	29.2
Eric Rataczak	A+,AA	24	MIA	201	0.229	6	0.361	0.37	0.27	0.164	115.695062	#N/A	565	59.7	24.2	19.9	27.2	16.4	46	29.9	20.4	3.6	33.3
Will Verdung	A+	22	ATL	287	0.279	0	0.375	0.33	0.17	0.130	121.4885119	#N/A	566	59.6	21.3	11.9	16.3	12.8	38.3	24.7	26.4	10.6	15.8
Ryan Campos	A+	22	STL	353	0.235	3	0.356	0.34	0.18	0.152	104.4681432	#N/A	567	59.6	27.5	16.2	17.3	14.9	54.5	24	15.1	6.5	23.9
Cole McConnell	A+	24	CHW	304	0.217	5	0.331	0.31	0.30	0.117	98.69929715	#N/A	568	59.5	35.1	18.7	30.1	11.3	50	28.1	19.4	2.6	21.5
Max Belyeu	A+	21	COL	80	0.150	4	0.244	0.30	0.36	0.100	41.71223683	#N/A	569	59.5	42.5	43.6	35.6	10	41.7	27.1	12.5	18.8	26.3
Kyle Dernedde	A+,AA,AAA	24	CLE	162	0.154	2	0.250	0.23	0.33	0.074	41.58290393	#N/A	570	59.5	18.9	22	31.4	7.4	36.9	35.9	17.5	9.7	29.1
Oliver Carrillo	A,A+	23	HOU	83	0.169	1	0.311	0.23	0.29	0.146	61.7195431	#N/A	571	59.4	18.5	25.2	29.1	14.6	32.7	29.1	20	18.2	44.4
Connor Caskenette	A+,AA	23	MIA	154	0.240	0	0.378	0.31	0.19	0.171	109.9057633	#N/A	572	59.4	20.5	14.4	19	16.9	43.3	25	27.5	4.2	23.8
Brendan Jones	A+,AA	23	NYY	174	0.236	4	0.349	0.36	0.18	0.144	116.2915286	#N/A	573	59.4	21.1	12.3	18	14.2	36	33.8	19.4	10.8	29.7
Kade Snell	A+	22	CHC	96	0.167	0	0.268	0.22	0.17	0.125	45.43773389	#N/A	574	59.3	26	14.3	18.1	13.3	52.8	25	13.9	8.3	10.7
Keith Jones II	A+,AA	23	TEX	237	0.270	10	0.406	0.45	0.27	0.173	154.8357042	#N/A	575	59.3	23.8	18.9	26.9	17.3	53.1	23.1	18.1	5.6	30.3
Lyle Miller-Green	A,A+	24	CHW	87	0.195	2	0.327	0.33	0.31	0.144	104.1572989	#N/A	576	59.2	26.7	24	31.7	13.9	67.3	19.2	13.5	0	29.4
Bryan Rincon	A+	21	PHI	299	0.181	6	0.304	0.30	0.29	0.139	89.06642054	#N/A	577	59.2	18.1	17.4	28.3	13.9	39.1	31.2	22.3	7.4	33.3
Brandon Compton	A+	21	MIA	92	0.217	2	0.354	0.36	0.33	0.168	112.3472573	#N/A	578	59.1	22.5	28.8	33.6	17.3	48.1	30.8	13.5	7.7	21.7
Cameron Sisneros	A,A+	24	CHC	155	0.213	4	0.342	0.33	0.19	0.158	98.0134867	#N/A	579	59.1	23.8	16.2	18.1	16	47.5	25.4	18.9	8.2	24.1
Skyler Messinger	A+	26	COL	415	0.239	10	0.299	0.37	0.23	0.058	72.72639905	#N/A	580	59.1	49.5	30.4	23	5.8	44.9	29.4	20.3	5.4	21
Will Bush	A+,AA	21	HOU	247	0.247	12	0.370	0.44	0.28	0.148	128.6176252	#N/A	581	58.9	22.2	21.2	28.1	14.7	29.3	32.9	28.7	9.1	27.7
Nick Mitchell	A,A+,CPX	21	CLE	135	0.267	2	0.380	0.42	0.17	0.151	127.9396567	#N/A	582	58.9	17.2	12.7	16.1	14.9	39.4	32.1	23.9	4.6	19.7
Kehden Hettiger	A,A+,AA	21	PHI	306	0.232	8	0.330	0.39	0.29	0.124	116.7315673	#N/A	583	58.8	20.9	24.2	29.3	12.1	29.8	30.2	30.7	9.3	38.4
Nelly Taylor	A+	22	BOS	384	0.216	7	0.355	0.35	0.28	0.171	111.1390904	#N/A	584	58.7	23.4	23.7	27.7	16.9	36.2	32.7	20.1	11	38.8
Carson Benge	A+,AA,AAA	22	NYM	225	0.302	4	0.417	0.48	0.18	0.151	168.4541051	701807	585	58.6	20.6	12.5	18.5	15.1	45.5	23.3	26.1	5.1	21.8
Joe Redfield	A+,AA	23	LAA	87	0.230	2	0.302	0.38	0.24	0.071	91.427609	#N/A	586	58.6	36.4	20.2	24.2	7.1	44.6	29.2	18.5	7.7	48.4
Jake Cunningham	A+	22	BAL	238	0.206	3	0.295	0.30	0.33	0.107	82.88121497	#N/A	587	58.3	23.2	26.9	33	10.6	46.7	23.3	22.7	7.3	10.1
Tyler Whitaker	A+	22	HOU	340	0.200	5	0.308	0.33	0.34	0.117	79.86447966	#N/A	588	58.3	25.1	27.3	33.7	11.6	36.4	27.2	19.9	16.5	32
Jackson Appel	A+	23	CHW	258	0.248	1	0.387	0.32	0.16	0.156	120.4325571	#N/A	589	58.3	24.4	12.9	16.5	15.2	51.9	27.4	16.3	4.3	20.9
Colin Summerhill	A,A+	23	LAA	85	0.224	2	0.327	0.36	0.22	0.133	97.9408167	#N/A	590	58.1	38.6	30.2	22.9	13.5	26.7	36.7	23.3	13.3	25
Callan Moss	A+	21	PIT	442	0.287	13	0.384	0.46	0.22	0.125	139.980005	#N/A	591	58.1	27.1	20	21.7	12.5	40.6	25.2	27.9	6.4	26.3
Cole Conn	A+,AA	23	OAK	97	0.258	4	0.387	0.46	0.24	0.151	129.7349419	#N/A	592	58	15.8	23.7	23.5	15.1	34.3	40	24.3	1.4	24.4
Victor Figueroa	A,A+,CPX	21	BAL	77	0.182	0	0.337	0.25	0.29	0.192	87.69851	#N/A	593	58	21.1	19	29	19	50	20	22	8	14.3
Adrian Pinto	A+	22	TOR	74	0.284	7	0.376	0.61	0.16	0.094	165.6862751	#N/A	594	57.9	41	25	16.5	9.4	56.7	20	18.3	5	26.1
Joshua Kuroda-Grauer	A+,AA	22	OAK	334	0.293	0	0.353	0.36	0.10	0.071	94.19024694	#N/A	595	57.7	22.7	10.8	10.1	7.1	47.3	24.8	24.5	3.4	15
Jackson Feltner	A+	23	ARI	174	0.172	8	0.318	0.35	0.36	0.123	88.74220302	#N/A	596	57.6	30.6	31.4	35.5	12.3	36.4	31.3	22.2	10.1	34
Omar Alfonzo	A+,AA	21	PIT	234	0.261	11	0.389	0.44	0.28	0.155	141.0736656	#N/A	597	57.6	21.9	21.1	27.7	15.4	43.6	26.9	21.2	8.3	25.3
Pedro Pineda	A,A+,CPX	21	OAK	102	0.255	1	0.306	0.35	0.33	0.072	73.82925301	#N/A	598	57.3	28.4	24.2	33.3	7.4	49.2	22.2	23.8	4.8	17.2
Graysen Tarlow	A+,AA	23	STL	115	0.304	1	0.396	0.36	0.22	0.086	120.1944779	#N/A	599	57.3	30.8	20.2	21.6	8.6	41.6	31.5	24.7	2.2	12
Rafe Perich	A,A+	23	TEX	124	0.202	2	0.322	0.27	0.21	0.144	85.45447849	#N/A	600	57.3	27	20.9	20.4	14.3	53.2	23.4	18.1	5.3	25.6
Noah Myers	A+,AA	25	TBR	288	0.247	6	0.395	0.36	0.27	0.187	131.1549843	#N/A	601	57.2	20.6	23.1	26.4	18.5	47.4	23.7	22.7	6.2	26.7
Roc Riggio	A+,AA,CPX	23	NYY	72	0.264	6	0.436	0.60	0.23	0.213	197.8570789	#N/A	602	57	17	20.6	23.4	21.3	32	40	24	4	31.3
Bennett Thompson	A,A+	22	CLE	63	0.302	1	0.400	0.46	0.15	0.133	144.5140086	#N/A	603	57	21	11.8	14.7	13.3	47.2	15.1	22.6	15.1	45
Vance Honeycutt	A+	22	BAL	374	0.171	5	0.284	0.28	0.41	0.128	74.39434449	#N/A	604	57	21.8	32.1	40.3	12.8	32.8	30.3	22.1	14.9	26.5
Jared Dickey	A+,AA	23	OAK	308	0.253	6	0.363	0.39	0.14	0.149	102.4297977	#N/A	605	56.9	19.8	23.4	13.6	14.9	45.9	24.4	21.1	8.6	34.7
Carson Roccaforte	A+,AA	23	KCR	279	0.237	13	0.364	0.47	0.30	0.162	135.8141327	#N/A	606	56.9	20.2	24.4	29.5	16.1	33.1	39.8	17.7	9.4	35.6
Garret Forrester	A+	23	MIA	216	0.241	2	0.386	0.31	0.24	0.162	114.944724	#N/A	607	56.8	18	17.1	23.8	16.1	47.4	22.7	24	5.8	20.8
Mike Sirota	A,A+	22	LAD	117	0.316	6	0.458	0.56	0.22	0.213	183.9041463	#N/A	608	56.7	13	22.5	21.8	21.2	37.9	28.7	26.4	6.9	16.7
Eduardo Quintero	A,A+	19	LAD	116	0.259	5	0.384	0.44	0.24	0.158	135.3711656	#N/A	609	56.7	17.4	18.7	23.1	16.1	34.1	29.3	25.6	11	28.9
Khadim Diaw	A,A+	21	MIN	119	0.294	3	0.446	0.42	0.17	0.121	155.1756434	#N/A	610	56.7	28.9	12.7	17.2	12.1	40	28.4	24.2	7.4	22
Luis Castillo	A+,CPX	21	MIL	94	0.096	2	0.246	0.20	0.32	0.167	35.94958949	622491	611	56.6	15.3	27.5	32.5	16.7	51.7	34.5	10.3	3.4	34.6
Jordan Dissin	A+,AA	23	PHI	147	0.170	0	0.303	0.21	0.31	0.152	69.96812241	#N/A	612	56.5	21.9	28.4	30.9	15.2	34	33	29.8	3.2	8.5
Matthew Wood	A+,AA	24	MIL	90	0.222	1	0.374	0.30	0.16	0.172	102.6731166	#N/A	613	56.5	24	10.3	15.4	17.1	39.2	27	21.6	12.2	30.6
Austin Murr	A+,AAA	26	DET	257	0.280	7	0.386	0.45	0.20	0.133	144.1240511	#N/A	614	56.4	24.6	14.8	19.6	13.4	41.4	24.7	23.7	10.1	36.5
Max Clark	A+,AA	20	DET	260	0.285	7	0.430	0.43	0.17	0.197	156.6254622	703601	615	56.4	18.2	12	17	19.7	49	24.8	22.3	3.9	19.6
Jared Thomas	A+,AA	21	COL	291	0.330	11	0.427	0.49	0.23	0.132	146.8783047	703606	616	56.3	40.2	33.3	23	13.1	39	30	26.3	4.7	34.2
Jonny Butler	A+,CPX	26	OAK	68	0.221	1	0.361	0.38	0.18	0.181	103.8137781	#N/A	617	56.1	15.5	19.2	18.1	18.1	54.7	24.5	15.1	5.7	19
Joel Dragoo	A,A+	22	PHI	83	0.169	0	0.274	0.25	0.21	0.115	67.11617072	#N/A	618	56	23.2	17.9	20.4	11.2	46.9	35.9	10.9	6.3	30
Rio Foster	A+	22	LAA	303	0.267	10	0.407	0.44	0.25	0.159	142.902065	#N/A	619	55.9	25.6	26.1	25.4	15.6	35.4	30.1	26.3	8.1	23.7
Alexander Ramirez	A+,AAA	22	LAA	130	0.192	5	0.255	0.34	0.52	0.078	65.44475883	#N/A	620	55.9	39.3	52.4	51.8	7.8	47.4	19.3	24.6	8.8	28
Tevin Tucker	A+	25	COL	239	0.197	3	0.324	0.29	0.25	0.149	68.98894183	#N/A	621	55.9	34.3	27.7	24.9	14.9	35.3	33.5	21.2	10	31.2
Dylan Dreiling	A+	22	TEX	420	0.226	12	0.319	0.38	0.21	0.120	107.1152341	#N/A	622	55.8	26.1	11.7	20.8	12.1	35.2	31.8	26.5	6.5	28.9
Tomas Frick	A+,AA	24	NYY	128	0.227	4	0.344	0.38	0.24	0.102	119.4759615	#N/A	623	55.6	24.3	14.8	24.2	10.2	38.3	30.9	23.4	7.4	33.3
Curtis Washington Jr.	A,A+	25	SEA	122	0.148	0	0.266	0.21	0.26	0.125	33.13412082	#N/A	624	55.5	32.4	19.8	25.9	12.6	46.5	24.4	16.3	12.8	20
Peter Burns	A+	25	LAA	102	0.235	1	0.386	0.29	0.17	0.181	107.559499	#N/A	625	55.5	34.4	15.3	17.3	18.1	53.8	21.3	12.5	12.5	25.9
Cam Fisher	A,A+	24	HOU	69	0.188	1	0.310	0.29	0.49	0.155	71.80140631	#N/A	626	55.4	20	40.2	48.8	15.5	30	36.7	20	13.3	70.6
Peyton Stovall	A+	22	CIN	251	0.191	3	0.315	0.28	0.18	0.144	76.82485948	#N/A	627	55.3	17.5	12.5	17.7	14	45.7	27.4	17.3	9.6	21.6
Sean Keys	A+	22	TOR	424	0.217	19	0.365	0.41	0.22	0.163	118.5913062	#N/A	628	55.2	29.6	26.1	22.1	16.3	38.6	30.8	19.8	10.7	44.9
Joseph Sullivan	A+,AA	22	HOU	262	0.233	15	0.411	0.46	0.27	0.191	147.9440418	#N/A	629	55.1	13.6	20.6	26.6	19	41.5	33.9	18.7	5.8	35.6
Tommy Hopfe	A,A+,CPX	22	COL	106	0.236	2	0.322	0.32	0.15	0.091	70.98125756	#N/A	630	55	47.3	18	14.9	9.1	52.8	23.6	20.2	3.4	33.3
Slade Caldwell	A,A+	19	ARI	244	0.238	0	0.370	0.31	0.25	0.157	97.03377854	#N/A	631	54.9	22.7	18.9	25.3	15.9	53.6	26.8	17.3	2.4	20.3
Zach Ehrhard	A+,AA	22	BOS	111	0.342	1	0.471	0.46	0.19	0.186	175.1572591	#N/A	632	54.7	17.3	14.9	19.3	18.6	35.3	16.5	37.6	10.6	34.8
Nate Nankil	A+,AA	22	OAK	316	0.294	3	0.382	0.40	0.14	0.103	111.3258414	#N/A	633	54.4	17	17.7	14.3	10.3	39.9	27.6	24.6	7.8	30.7
Yohairo Cuevas	A,A+	21	NYM	107	0.206	0	0.289	0.27	0.26	0.083	77.49483914	#N/A	634	54.4	23.6	18.6	25.2	8.1	48.1	26	23.4	2.6	31.6
Jose Ramos	AA,AAA	24	LAD	73	0.260	1	0.396	0.33	0.26	0.154	114.2291891	#N/A	635	54.4	26.7	33.7	26.7	15.6	44	26	20	10	21.7
Arjun Nimmala	A+	19	TOR	473	0.224	13	0.313	0.38	0.21	0.101	92.16149562	#N/A	636	54.2	38.4	29.9	21.3	9.8	43.1	34.3	14.9	7.7	19.7
Bryan Broecker	A+	23	TBR	182	0.209	2	0.364	0.29	0.26	0.188	105.6313769	#N/A	637	54.1	16.6	18.7	25.8	18.8	44.8	17.6	25.6	12	27.8
Aiva Arquette	A+	21	MIA	99	0.242	1	0.350	0.32	0.23	0.145	102.659445	#N/A	638	54.1	20.7	17.5	22.7	14.3	47.9	26	21.9	4.1	14.3
Justin Connell	A+	26	MIN	65	0.231	2	0.375	0.43	0.15	0.150	133.8273022	#N/A	639	54.1	25.3	9.7	14.8	14.8	47.2	34	7.5	11.3	31.8
Jackson Hornung	A+,AA	24	TOR	159	0.308	3	0.396	0.46	0.27	0.122	138.0135519	#N/A	640	54	37.1	17.9	26.8	12.1	55.9	19.8	22.5	1.8	14.9
Elijah Nunez	A,A+	23	WSN	117	0.299	0	0.415	0.39	0.23	0.148	146.7690926	#N/A	641	53.9	14.4	10.8	22.6	14.6	54.8	19	19	7.1	25
Davis Diaz	A,A+	22	OAK	211	0.218	2	0.310	0.28	0.16	0.116	61.26269207	#N/A	642	53.4	18.1	11	15.4	11.4	44	21.1	26.9	8	36.9
Camden Troyer	A+	22	NYY	75	0.253	1	0.356	0.32	0.15	0.138	109.9863071	#N/A	643	53	20.8	14.6	14.3	14.3	38.3	26.7	25	10	35.5
Diego Mosquera	A+	21	NYM	198	0.217	0	0.323	0.25	0.20	0.104	87.3361504	#N/A	644	52.5	30.2	11.1	20.3	10.3	59.5	13.1	20.9	6.5	25
Kyle Nevin	A+,AA,CPX	23	LAD	63	0.270	3	0.395	0.51	0.17	0.145	156.4790194	#N/A	645	52.4	22.4	13	16.9	14.3	48	28	16	8	22.7
Chase Adkison	A+,AA	25	STL	94	0.298	1	0.452	0.39	0.12	0.185	150.2866593	#N/A	646	52.3	26.4	14.9	12.8	18.4	48.1	9.9	32.1	9.9	20.6
Cole Messina	A+,AA	22	COL	374	0.259	7	0.358	0.38	0.17	0.118	98.44951004	#N/A	647	52	38.1	22.2	16.4	11.8	43.9	23.8	23.4	8.9	24.5
Cole Roberts	A,A+,AA	24	PHI	70	0.143	0	0.259	0.14	0.19	0.133	38.27892723	#N/A	648	51.9	19.6	14.5	19.3	13.3	55.4	14.3	23.2	7.1	38.1
Jackson Ross	A,A+	25	WSN	165	0.158	1	0.278	0.25	0.27	0.133	67.89078031	#N/A	649	51.8	18.6	18.5	27.2	13.3	47.4	32.5	9.6	10.5	22.9
EJ Andrews Jr.	A+	24	COL	179	0.156	5	0.284	0.31	0.32	0.124	57.50645834	#N/A	650	51.3	41.2	27.3	31.7	12.4	41.4	32.8	14.7	11.2	25.5
Will Turner	A+,CPX	22	BOS	124	0.161	3	0.344	0.27	0.22	0.221	92.62947552	#N/A	651	51.1	14.2	19.6	22.1	22.1	31.9	29.7	24.2	14.3	28.6
Jaison Chourio	A+,CPX	20	CLE	285	0.235	2	0.380	0.28	0.22	0.187	103.1070577	#N/A	652	50.9	18.5	17.8	21.8	18.7	51	22.8	22.8	3.4	18.1
Milkar Perez	A+	23	SEA	256	0.215	2	0.321	0.30	0.21	0.127	70.72307758	#N/A	653	50.9	30.7	17.6	21.5	12.8	43.5	25.7	23.6	7.3	23.4
Caleb Hobson	A+	23	COL	278	0.158	2	0.317	0.23	0.40	0.166	57.38854245	#N/A	654	50.9	32.6	37.1	40.3	16.6	47.6	24.5	21.7	6.3	15.2
Max Holy	A,A+	22	HOU	82	0.171	1	0.333	0.24	0.35	0.196	74.44977113	#N/A	655	50.8	19.2	29.7	35.1	19.6	56.8	25	13.6	4.5	0
Clark Elliott	A+,AA	24	OAK	127	0.236	4	0.413	0.42	0.18	0.198	130.4768257	#N/A	656	50.2	14.4	18.9	18	19.8	42.9	28.6	22.4	6.1	32
Myles Smith	A,A+	22	CIN	133	0.128	1	0.273	0.17	0.28	0.153	40.55572831	#N/A	657	49.9	20.5	20.2	26.9	15.6	52.8	19.1	14.6	13.5	16.7
Eddie Micheletti Jr.	A+	23	TOR	368	0.228	14	0.375	0.42	0.15	0.168	124.4416485	#N/A	658	49.7	34.2	19.9	15.1	16.8	37.2	35.9	17.4	9.5	35.8
Charlie Condon	A+,AA,CPX	22	COL	138	0.312	3	0.431	0.42	0.21	0.156	134.4982625	809707	659	49.6	39	36.2	20.5	15.7	40.8	29.1	27.2	2.9	19
J.R. Freethy	A,A+,AA,CPX	22	TOR	99	0.253	1	0.383	0.36	0.19	0.150	117.3744892	#N/A	660	49	30.7	23.4	19.2	15	42.1	26.3	25	6.6	10.3
Luke Davis	A,A+,CPX	22	PHI	98	0.143	2	0.364	0.20	0.20	0.250	96.84431024	#N/A	661	48.3	10.4	18.1	20.5	25	45.1	28.2	21.1	5.6	20
Ethan Hedges	A+	21	COL	77	0.195	0	0.303	0.23	0.19	0.112	49.660703	#N/A	662	48	35.5	31.9	19.1	11.2	46.7	21.7	26.7	5	10.3
Matthew Ellis	A,A+	24	SEA	70	0.229	1	0.308	0.34	0.32	0.077	74.39379233	#N/A	663	47.7	37.7	21.2	32.1	7.7	40	24.4	24.4	11.1	22.7
Kole Myers	A+,AA	24	LAD	70	0.214	0	0.461	0.31	0.20	0.294	142.1424991	#N/A	664	44.8	10.8	21.2	19.6	29.4	72	12	14	2	23.1
Je'Von Ward	A+,AA	25	TOR	163	0.215	4	0.437	0.36	0.21	0.279	136.3485942	#N/A	665	43.9	25	29	21.4	27.9	54.8	20.9	16.5	7.8	32.6
Justin Riemer	A+,AA	23	BOS	207	0.232	1	0.423	0.28	0.20	0.229	123.8046136	#N/A	666	40.2	12.5	10.8	19.1	23.1	41.2	31.4	18.3	9.2	15.8
Brennan Orf	A+	23	TOR	59	0.186	0	0.385	0.25	0.26	0.218	99.66956558	#N/A	667	39.3	29.5	37.1	25.3	21.5	46.2	30.8	17.9	5.1	21.1

