batter_name	ID	AB	pa	Z-Swing	Chase	Z-Whiff	O-Whiff	barrel_percent	EV90	AVGEV	MAXEV	K%	BB%	pulled_fly_ball_percent
Payton Eeles	823356	306	376	65.7	21.2	85.4	0.357142857	2.5	99.4	85.6	106.2	17.3	12.5	17.1
Ben Williamson	810938	210	236	66.8	28.3	88.6	0.299270073	2.3	103.4	87.9	109.7	13.6	10.2	9.6
Hyeseong Kim	808975	149	169	69.9	30.4	82.2	0.469026549	3.7	100.6	85.9	106.3	24.9	7.7	27.3
Matt Shaw	807713	91	110	61.4	18.7	81.8	0.325	10.1	105.5	88.6	109.9	10	15.5	16.2
Luke Keaschall	807712	95	119	59.6	20.9	89.3	0.408163265	6.3	101.6	87.7	106.9	14.3	14.3	34.7
Bryce Eldridge	805811	253	283	66.9	28.9	80.4	0.608938547	16.3	108.6	95.7	114.6	30.4	9.5	21.5
Walker Jenkins	805805	91	100	67.9	33.5	79.1	0.352941176	13.1	104.8	88.8	110.1	25	9	22.2
Nacho Alvarez Jr.	805373	63	79	57.9	17.8	87	0.433333333	0	100	84.7	106.2	19	13.9	15
Jakob Marsee	805300	338	432	65.9	17.2	86.4	0.451388889	7.8	102.4	85.3	107.7	18.8	15.7	33.1
Otto Kemp	805249	283	341	71.8	27.9	78.9	0.61	12.2	106.4	90.9	113.4	23.8	10.6	31.4
Chandler Simpson	802415	138	157	61.2	28	95.5	0.246575342	0	96.9	81.2	107.4	9.6	5.7	10
Max Anderson	801194	135	147	79.7	33.8	78.6	0.397849462	8.4	103.8	90.8	107.2	19	5.4	18
Chase DeLauter	800050	126	149	65.8	16.9	83.3	0.274509804	11.5	107	91.2	110.1	15.4	14.8	28.3
Henry Bolte	703607	120	141	64.4	22	78.8	0.75	5.5	107.3	88.9	111.6	32.6	11.3	12
Nelson Rada	703185	158	197	70.2	17.2	89.2	0.542857143	2.3	98.3	79.8	106.3	16.8	15.2	21.7
Jett Williams	702518	134	145	62.5	22.4	78.2	0.393442623	7.4	105.1	85.8	108.4	22.8	9.7	45.7
Trey Lipscomb	702358	447	486	72.2	36.1	82.6	0.438871473	4	103.6	86.2	109.7	19.5	7.2	28.2
RJ Schreck	702302	184	234	66.4	18.4	81.9	0.363636364	7.2	103.3	85.7	109.4	20.9	16.2	38.4
Cole Young	702284	205	245	66.7	23.2	89.5	0.358333333	7.9	104.4	89.4	109.2	11.4	12.7	23.9
Justin Crawford	702222	426	509	68.8	34	89.6	0.319767442	3.3	102.7	87.5	110.6	17.9	11.4	20.2
Alan Roden	702176	120	143	64.4	23.2	89.9	0.35483871	6.5	104.4	90.1	109.5	9.1	11.2	43.4
Carson Benge	701807	90	98	68.3	27.5	85.4	0.344262295	12.1	105.9	92	109.3	19.4	9.2	22.9
Nick Kurtz	701762	83	98	62.4	23.1	78.8	0.54	20	107.7	95.1	110.5	26.5	10.2	22.9
Nathan Church	701675	213	242	66.6	28.6	93	0.265151515	3.2	103.3	86	108	10.3	9.9	29.8
James Triantos	701649	406	442	64.5	34.3	87	0.28125	2.4	102.7	86	109.2	15.2	6.8	22.8
Sal Stewart	701398	143	165	70.7	31.5	80.7	0.378640777	21	107.1	93.1	113.7	15.8	11.5	20
Roman Anthony	701350	212	264	55.3	18.5	83.3	0.537735849	20.3	109.6	95	116	20.8	19.3	12.5
Carson Williams	700246	388	452	67.3	30.2	75.5	0.649659864	11.4	107	88.4	111.7	34.1	12.4	33.6
Jimmy Crooks	699625	390	432	65.1	32.5	78.4	0.482269504	7.9	104.5	89.7	110.9	26.4	8.3	29.1
Ivan Melendez	699471	89	95	79.9	40.2	83.7	0.368421053	3.2	104.7	86.6	109.6	25.3	7.4	43.8
Hector Rodriguez	699302	212	227	77	46.8	86.6	0.338164251	4.6	105.8	86.9	112.7	16.7	5.3	35.5
Daylen Lile	695734	104	120	71.6	30.6	83	0.378787879	5.9	105.3	89.1	110.2	16.7	9.2	34
Christian Moore	695681	120	134	69.1	28.7	77.9	0.618421053	11.4	106.1	91	111.3	29.1	10.4	14
Harry Ford	695670	373	458	64.7	16.6	82.9	0.457317073	8.7	103.4	88.8	109.3	19.2	16.2	24.6
Colson Montgomery	695657	216	242	70.9	29.9	83.9	0.589928058	10.6	108.2	88.8	115.3	33.9	7.9	34.3
Carter Jensen	695600	153	185	61.4	20.4	84.4	0.674157303	13.7	107.3	93.4	110	28.1	16.2	29.3
Jac Caglianone	695506	112	129	72.4	34	86.4	0.447058824	11.7	109.5	93.9	113.6	15.5	9.3	35.3
Brett Harris	695391	214	252	69.8	20.4	88.4	0.425742574	7.7	103.4	86.6	109.4	15.1	11.1	25.8
Thomas Saggese	695336	164	189	70.1	31.6	77.7	0.4	5	102.6	88.6	110.1	23.8	12.2	14.5
Billy Cook	695257	330	376	66.7	30	78.5	0.463302752	6.4	102.8	87	108.8	27.1	9	32.8
Will Wagner	695238	143	160	67.6	25.9	89.6	0.35443038	4.1	103.4	85.2	109.2	12.5	9.4	18.3
Cooper Ingle	694876	82	103	54.1	16.4	89.6	0.27027027	4.6	102.3	87.1	105.6	12.6	20.4	35.5
Brice Matthews	694728	411	495	66.5	21.9	74	0.62962963	11.6	105.8	88.3	112.8	27.9	13.9	28.4
Abimelec Ortiz	694673	138	164	73.4	29.1	85.8	0.405940594	9.9	106.9	92.3	112.7	22	12.8	44.4
Kemp Alderman	694580	76	78	70.4	32.7	81.8	0.6	15.7	111.3	95.8	114.4	26.9	6.4	22.6
Sterlin Thompson	694514	439	512	69.4	25.4	83.3	0.455598456	6.4	105.1	87.8	112.9	20.7	10.4	31.8
Evan Carter	694497	85	102	60.9	24.1	78	0.48	6.6	102.3	85	107.9	25.5	13.7	33.3
Joey Loperfido	694388	329	369	76.1	29.8	81.7	0.422535211	4	104.3	87.6	113.2	21.4	7.9	29.7
Nick Yorke	694377	401	440	70.1	30.7	82.4	0.42599278	3.3	104.2	87.5	112.9	22	8.2	21.1
Shay Whitcomb	694376	403	465	60.2	27	83	0.538167939	10.7	105.2	89.2	111.1	25.4	11.2	44.6
Tommy Troy	694371	152	178	65.5	24.2	90	0.390243902	1.6	100.9	84.9	105.6	15.2	10.1	20
Blake Dunn	694362	349	418	64.3	19.6	83.9	0.49122807	6	106.2	87.5	110.6	24.2	12.9	17.1
Niko Kavadas	694359	429	523	55.8	19.6	76.2	0.533936652	14.6	104.1	90.3	112.2	31	14.3	35.7
Tyler Gentry	694355	290	333	65.3	27.3	79.9	0.491525424	2.4	102.8	87.1	107.7	26.7	8.4	33.7
Gabriel Gonzalez	694224	133	144	71.4	34.3	82.7	0.504854369	5.7	103.2	87.5	110.1	17.4	6.3	20.8
Samuel Basallo	694212	269	324	65	32.8	81.8	0.487068966	21.5	108.3	94.2	115.9	23.5	13.6	24.8
Moises Ballesteros	694208	443	504	75.6	31.6	85.8	0.323624595	5.9	105.1	90.1	112.3	13.3	9.7	17.9
Denzer Guzman	694203	129	150	69.2	23.6	80.3	0.564102564	6	101.4	88.4	107	28	14	36.7
Kyler Fedko	693459	164	183	64.6	30.8	81.6	0.409090909	7.5	103.6	87.3	110.4	22.4	11.5	39.4
Yanquiel Fernandez	692585	242	271	76.6	39.8	80.9	0.371428571	8.3	105.5	88.1	111	14	8.5	38.2
Kristian Campbell	692225	271	319	57	21.6	79.8	0.457746479	3.8	102.8	84	111.4	26.3	11.9	29.1
C.J. Kayfus	692216	249	289	72.4	27.2	83.5	0.530487805	9.8	104.5	88.4	110.4	27.3	11.4	33.7
Tsung-Che Cheng	691907	333	394	64.8	21.4	77.7	0.494565217	3.3	101.1	84.3	107.3	25.1	11.9	12.3
Joe Mack	691788	363	410	73.4	30	75.3	0.5	7.9	104.4	88.8	109.6	27.8	8.5	41.4
Marcelo Mayer	691785	170	193	65.7	23.1	84.5	0.5	8.3	106.3	89.7	111.2	19.7	10.4	29.2
Jordan Lawlar	691783	250	300	66.2	23.9	82.4	0.509803922	8.6	104	87.6	113.3	23.3	12	37.1
Brady House	691781	260	283	74.3	35.7	77.9	0.456410256	10.3	108.8	90.2	112.4	26.1	7.1	24.4
Ryan Clifford	691775	114	138	63.1	23.6	85.4	0.6	8.9	107.4	93.4	111	23.9	15.9	32.7
Daniel Susac	691740	360	401	65.9	36.9	83.1	0.474025974	8.1	104	86.8	109.2	26.9	8.7	24.4
Zac Veen	691728	367	408	74.9	31.3	83.9	0.448412698	4.5	105.4	89.8	108.4	20.1	8.3	27.9
Coby Mayo	691723	167	195	60.7	27.3	83.7	0.565217391	11	108.3	90.2	113.3	27.2	11.8	34.8
Jeferson Quero	691620	216	251	71.8	36.8	85.8	0.35828877	5.9	102.8	86.8	109.5	13.5	10	26.7
Jhostynxon Garcia	691373	317	352	65.8	35	76	0.507751938	10.2	105.2	86	110.2	29	7.7	38.4
Deyvison De Los Santos	691277	399	440	70.9	34.8	78.9	0.474842767	6	107.9	90.5	118.5	22	8.2	20.3
Maximo Acosta	691185	410	467	57.3	26.7	83.5	0.460144928	5.2	102.3	87.4	108.2	26.3	10.7	20.4
Adael Amador	691182	314	367	67.7	22.3	89.8	0.325581395	3.1	103.3	87.2	110.8	12.8	13.4	28.4
Emmanuel Rodriguez	691181	163	211	63.4	15.7	71.5	0.662162162	10.4	109.2	90.1	113.6	31.3	21.3	20.5
A.J. Vukovich	691021	422	472	71	27.9	73.9	0.486692015	8.3	104.6	90.5	109.8	27.1	9.7	16.8
Kyle Teel	691019	181	213	65.2	26	77.9	0.4296875	9.3	104.7	89.1	111.8	25.4	14.1	17.9
Drew Romo	691011	220	245	70.2	36.3	85.9	0.505813953	1.9	99.8	84.1	105.8	25.3	7.3	41.1
Robert Hassell III	690987	292	331	72	25.6	84.7	0.4375	4.7	103.7	89.6	110.5	17.2	10.6	15.4
Alex Freeland	690976	415	504	61.1	18.2	83.2	0.434782609	7.4	104.6	91.6	109.7	21.6	16.3	22.2
Braxton Fulford	690924	147	171	72.5	25.5	87.9	0.597826087	11.9	105.6	90.6	111.7	23.4	9.9	40.9
Jace Jung	690291	412	489	65	22.5	77	0.448	12.6	104.7	90.5	111.7	25.4	15.7	34.3
Ryan Ritter	690022	215	260	69.9	26.2	77.5	0.470588235	10.8	104.1	87	110.5	20.4	13.1	29.8
Matt Koperniak	689288	479	532	67.7	31.9	82.5	0.4	7.4	103.3	88.3	109.6	19	9	22
Jacob Melton	689200	126	150	64.7	23.5	86.9	0.4	18.1	107.7	92.6	113	20	14.7	31.5
Brett Wisely	689172	302	349	64.8	26.1	85.7	0.28125	4.1	101.7	85.8	108.1	18.6	9.7	25.4
Rhylan Thomas	689041	538	615	73.7	33.3	94.8	0.182080925	0.2	97.1	83.9	107.8	5.2	7.3	18.8
Blaine Crim	688760	427	489	62.7	24.7	82.7	0.378486056	6.6	105.7	89.6	111.8	18.2	11.2	25
Graham Pauley	688363	137	156	80.5	26.9	85.4	0.460526316	3.3	101.7	87.2	106.8	11.5	9	36.1
Dustin Harris	687957	368	425	67.3	30.9	88.3	0.387681159	4	100.4	83.6	109.7	17.4	10.4	34.9
Christian Encarnacion-Strand	687952	229	248	71.6	39	80.2	0.351485149	14.5	105.4	89.2	112.2	24.2	6.5	27.1
Troy Johnston	687859	314	354	76	32	81.5	0.406542056	6.5	103.2	90.9	107.1	19.2	7.9	22.7
Cade Marlowe	687799	151	177	78.7	26	78.1	0.5	8.2	101.4	88	106.5	24.3	12.4	36.6
Jackson Cluff	687714	310	380	66.6	24.4	73.7	0.548913043	8.9	103.5	86	110.3	28.4	13.4	42.5
Dylan Beavers	687637	336	418	64.5	20.2	87.1	0.383783784	8.3	105.4	88.4	111.6	18.2	16.3	28
Drew Gilbert	687551	319	380	67	23.8	87.3	0.454545455	6.2	105.6	88.8	110.1	16.3	12.4	43.8
Grant McCray	687529	425	510	71.1	26.6	78.1	0.556701031	7.6	105.2	87.3	113.4	27.1	10.8	17.8
Colby Thomas	687515	331	384	75.6	33.4	81.9	0.533596838	9.8	105	89.2	115.9	26.8	8.3	24.1
Gabriel Rincones Jr.	687282	412	501	66.7	23.8	80.9	0.529411765	10.2	108.7	92.3	116.4	22.6	15.8	23.2
Darell Hernaiz	687231	386	445	72.6	27.6	87.1	0.308016878	2.1	101.8	86.5	109.8	11.5	10.3	19.1
Dalton Rushing	687221	116	150	68.9	15	77.4	0.422222222	9	105.4	90.2	108.3	21.3	17.3	16
Nathan Martorella	687210	131	147	67.4	24.8	86.1	0.552238806	2.1	102.2	85.5	108.6	21.1	11.6	44.7
Vaughn Grissom	687093	369	419	67.5	28.2	88.6	0.52173913	6	104.6	88.2	110.1	17.4	8.8	22.4
Eric Yang	687066	83	99	54.3	22	86	0.5	0	99.7	83.3	103.9	29.3	8.1	14.3
Joey Wiemer	686894	286	339	64.6	27.6	79.8	0.512690355	9	104.4	87.5	109.9	25.7	12.1	31.8
Will Brennan	686823	147	156	74	32.9	89.5	0.414893617	5.6	103.9	88.9	108.7	12.8	5.1	22.1
Nick Sogard	686765	335	411	57.7	21.9	86.9	0.355329949	2.6	99.6	84.1	107.3	17.5	15.6	28.9
Michael Massey	686681	96	106	71.6	37.1	84.7	0.253164557	7.9	101.6	83.4	107.2	19.8	5.7	34.2
Korey Lee	686676	220	240	77.2	31.1	84.3	0.55	4.2	104.4	87.2	107.5	22.9	7.1	27.4
Oliver Dunn	686554	395	461	64.4	19.4	74.6	0.564516129	6	104.9	88.7	109.6	31.7	11.5	31.3
Andre Lipcius	686531	371	416	71.4	29.8	82.3	0.530120482	7.1	100.5	86.5	106.1	18.3	8.7	32.7
Dominic Canzone	686527	179	198	71.6	35	85.4	0.391608392	14.6	107.3	89.2	115.5	21.2	9.1	23.2
Tyler Tolbert	686475	95	114	71.4	27.7	80	0.625	1.4	100.6	79.5	105.5	25.4	7.9	30.6
Drew Millas	686452	189	209	72.5	25.1	88.5	0.290322581	2.4	100.6	86.1	110.6	12	8.1	29.5
Kenedy Corona	685744	373	434	68.5	27.8	83.2	0.5	3.3	103.3	85.3	112	23.3	10.6	23
Matt Gorski	685301	79	88	66.7	37.9	77.9	0.573770492	18.6	108.9	94	116	26.1	6.8	28.2
Braiden Ward	685274	123	163	71.5	28.8	90.4	0.2875	0	95.2	76.4	99.2	14.1	9.8	26.2
Wade Meckler	685133	329	398	58	17.7	83.3	0.392857143	2.2	100.7	86	109.6	17.8	14.3	10.5
Travis Bazzana	683953	88	115	62.4	13.1	83.1	0.542857143	11.1	101.8	87.6	109.2	27	25.2	15.4
Will Robertson	683770	301	354	68.8	28.7	82.3	0.516431925	11.8	108.2	90.8	114.8	24.9	13.6	38.5
Victor Mesa Jr.	683748	152	171	79.6	32.4	79	0.387387387	4	102.6	87.3	108.6	16.4	9.9	31.3
Andrew Vaughn	683734	115	132	64.8	30.1	83.1	0.369047619	5.5	105.2	90.9	111.4	17.4	12.9	25.6
Jesus Rodriguez	683679	460	540	68.5	31.3	91.1	0.286127168	2.3	103	87.8	109.9	13.3	11.9	16.8
Owen Caissie	683357	367	435	69.8	24.9	80.5	0.49787234	15.7	107.9	91.9	113.3	27.8	13.1	24.6
Cody Freeman	683227	384	427	60.1	29	91.8	0.154811715	2.8	100.9	88	108.9	8.7	7.5	30.6
Matthew Lugo	683090	419	464	71.9	33.3	78.2	0.493421053	9.1	104.7	87.1	110.9	29.3	6.9	27.9
Michael Stefanic	683021	362	438	53.1	15.9	95.6	0.19858156	1.6	99.7	87.4	109.5	9.8	13.5	15.9
Tyler Callihan	682997	89	106	69.2	26.5	77.7	0.578947368	6.6	104.9	88	109.9	27.4	15.1	46.9
Tyler Locklear	682988	373	435	73.6	28.2	82.8	0.542857143	9.6	107.2	90.2	112.4	21.8	10.8	29.3
Spencer Jones	682987	263	299	71.1	35.3	67.2	0.558704453	17	108.4	94.8	114.4	36.5	8.7	22
Ronny Simon	682927	257	309	62.4	25.8	86	0.314285714	6.1	103.5	88.4	110.1	16.5	13.6	22.4
Juan Brito	682877	81	100	75.4	29.6	81.6	0.358208955	6.3	99.7	85.5	107.3	21	13	41.2
Bryan Ramos	682868	370	432	65.5	22.7	81	0.514705882	6.1	103.1	88.6	110.4	22.2	9.7	23.2
Jonatan Clase	682729	303	349	69.2	24.9	86.3	0.546961326	5	103.1	85.8	109.4	25.5	10	25.9
Warming Bernabel	682653	282	315	76.1	34.8	89.1	0.373626374	2	100.1	84.1	110.1	12.1	7.3	34.2
Luis Matos	682641	147	159	67.9	36.2	91.1	0.282051282	8	105.4	89.7	110	12.6	5	37.3
Francisco Alvarez	682626	92	107	62.6	33.5	69.7	0.482352941	21.7	109.6	93.3	111.8	30.8	10.3	15.6
Orelvis Martinez	682619	335	396	72	30.3	81.7	0.709163347	7.6	103.5	86.5	112.1	28.3	11.9	44.2
Marco Luciano	682617	460	550	64.3	20.6	73	0.645669291	11.3	107.3	91.1	113.7	30.5	15.5	23.5
Logan Porter	682515	230	283	58.4	18.8	82.7	0.444444444	5.4	101.6	84.7	108	23.7	16.6	25
Wes Clarke	682265	148	183	66	18.3	74.6	0.631578947	5.3	104.6	90.2	110.9	30.1	17.5	29.5
Kody Hoese	682210	348	403	62.3	26.7	89.4	0.369668246	2.9	101.7	88.8	109.1	19.4	12.4	19.4
Drew Avans	682183	374	446	68.5	26.1	86.7	0.384615385	1.7	100.4	85.1	107.3	19.1	11.2	13.2
Levi Jordan	682119	413	461	63.1	30.6	89.6	0.406015038	3.7	100.7	86.3	106.7	14.5	7.8	32.9
Nate Eaton	681987	348	400	60.2	26.4	85.5	0.47826087	8.1	104.7	88.2	112.1	22	9.3	33.1
Vinny Capra	681962	84	97	59.9	22.7	82.6	0.384615385	6.6	99.2	85.6	101.7	23.7	10.3	32.4
Heriberto Hernandez	681715	141	165	64	23.1	76.3	0.594594595	12.9	105.8	91.4	109.6	34.5	11.5	34.9
David Villar	681584	209	249	64.1	22	82.3	0.457627119	5.2	102.4	89	107.9	23.3	14.1	26.1
James Outman	681546	334	391	72.7	24	75.9	0.654639175	13.6	106.5	91.4	112	30.7	11.5	35.3
Bryan Lavastida	681526	167	193	69.3	24.4	81.7	0.428571429	3.1	101.8	86.7	109.2	17.1	12.4	21
Mickey Gasper	681508	179	208	57.9	21.2	91.9	0.465116279	11.4	103.6	89.9	110.9	18.3	12	26
Brooks Baldwin	681460	116	133	79.8	27.1	83.9	0.403225806	11.5	103.3	88	109.1	16.5	9	23.6
Jonah Bride	681146	139	172	46.9	19.9	85.1	0.247191011	2.9	99.7	88.1	107.3	18	19.2	34
Christian Franklin	681047	444	534	63.2	18.5	84	0.524038462	7.3	106.3	90.7	112.9	20.6	15	18
Owen Miller	680911	394	438	64.9	33.5	88.2	0.301818182	4	102.7	86.6	109.7	15.8	6.6	26
Zack Gelof	680869	176	212	76.7	19.9	71.6	0.577777778	8.9	103.6	89.1	109	25	16	28.8
Willie MacIver	680862	207	235	73.8	33.5	81.9	0.398601399	3.6	104.5	88.5	109.2	18.7	8.9	22.9
Ryan Fitzgerald	680837	203	246	67.2	32	79.7	0.417218543	7.1	102.5	86.1	106.8	23.6	11.4	36.6
CJ Alexander	680769	412	464	70.2	30.8	79.5	0.493006993	9.3	104.8	88.5	111.8	27.6	11	37.2
Michael Helman	680737	280	314	75	32.1	82	0.433333333	4	99.7	84.1	110	19.4	6.7	44.6
Jonathan Ornelas	680716	387	451	54.2	21.2	79.6	0.515463918	5.1	105.7	88.2	112.1	25.1	11.3	13.5
Richie Palacios	680700	76	82	60.1	28.8	85.9	0.422222222	1.8	100.6	84.3	107	24.4	7.3	45
Brennen Davis	680695	125	142	74.3	34.3	73.2	0.509090909	13.3	108.1	91.8	112.1	31	7.7	53.1
Eduardo Valencia	680664	185	208	68.9	26.2	80.2	0.452380952	11.9	105.3	90.8	112.1	19.7	12.5	23.3
DaShawn Keirsey Jr.	680577	139	161	76.2	29.1	77.5	0.392156863	2.9	102.3	88.6	112.1	22.4	10.6	14.3
Dairon Blanco	680118	250	291	68.6	30.7	80.2	0.519125683	5.2	101.9	84.4	109.7	21.6	8.2	32.9
Nick Loftin	679845	152	197	53.7	16.7	89.2	0.338235294	5.3	103.2	88.5	108.6	12.2	19.8	33.8
Justin Foscue	679822	399	451	65.9	28.7	90.6	0.347328244	6.8	102.9	88	108.1	13.5	9.8	29.2
Johan Rojas	679032	144	156	66.7	29.7	81.3	0.478723404	1	105.5	86.6	109.3	19.9	8.3	20.8
Liover Peguero	678894	264	303	71.2	29.8	80.2	0.396551724	4.7	104.3	86.1	112.3	19.5	8.9	25.8
Jhonkensy Noel	678877	227	252	63	39.5	81.3	0.479262673	10.6	109.4	90	116.9	26.6	8.3	36.7
Eddys Leonard	678760	439	493	73.2	28.8	82.4	0.519855596	7.7	106	88.2	114.5	19.3	7.3	33.5
Junior Perez	678577	150	176	61.1	18.3	80	0.594202899	15.2	107	88.5	113.7	27.3	16.5	14
Osleivis Basabe	678545	430	473	64.6	37.6	87.6	0.33030303	3.7	103.9	87.8	112.1	17.3	7	28
Jorge Barrosa	678489	380	456	63.3	31.4	83.9	0.37012987	3	101.5	86.5	110.2	20.8	11.8	36.5
Jorbit Vivas	678391	372	459	75.3	23	91.7	0.353233831	3.7	101.7	85.2	109.8	9.8	13.9	27.6
Ji Hwan Bae	678225	254	308	70.3	21.5	83.7	0.511450382	2.9	103.7	87.2	108.5	19.8	11	18.9
Anthony Seigler	678011	247	308	69.2	19.6	84.6	0.421052632	7.8	101.8	91.1	107.9	19.2	16.9	19
Nick Schnell	678010	357	400	74	34	69.1	0.65	13.4	106.1	89.6	113.2	33.8	9.3	35.1
Rece Hinds	677956	391	433	77.3	37.4	79.2	0.571856287	12.5	107.8	90.3	113.4	25.9	7.4	27.1
Will Banfield	677943	243	270	69	36	79.6	0.429292929	3.9	104.1	87	111.8	25.6	6.7	31.3
Blaze Alexander	677942	192	242	72.1	22.2	76.5	0.552631579	10.3	107.4	91.9	114.1	24.4	15.7	17.5
Jordyn Adams	677941	267	306	62.6	29.2	76.4	0.53038674	2.8	101.7	84.9	108.1	30.7	9.5	12.6
Everson Pereira	677592	297	348	73.8	27	69	0.626373626	14.1	106.3	92.2	112.9	28.7	12.4	17.7
Brayan Rocchio	677587	159	188	66.9	21	87.4	0.481012658	8.1	103	88.5	106.4	14.4	12.2	40.3
Kristian Robinson	677565	145	174	65.4	20.7	78.2	0.5125	6	104.1	88.7	108.2	24.1	17.8	18.4
Kyren Paris	677347	108	137	73.2	24	75	0.591549296	13.3	104.2	81.9	109.1	27	14.6	14.7
Heston Kjerstad	677008	101	112	68.5	33.1	82	0.390243902	5.8	101.1	88.5	108.6	26.8	8.9	3.6
Matthew Batten	676946	359	395	58.5	31.5	81.6	0.445833333	3.1	103	86	111.1	26.3	8.6	33.6
Davis Schneider	676914	133	160	61.5	20.3	79.1	0.567567568	11.4	103.3	89.3	110.5	28.8	15	30.9
Carson McCusker	676812	390	440	60.8	28.3	76.6	0.560150376	15.6	108.9	92.4	115.2	33.6	8.2	18.7
Jared Young	676724	272	321	75.1	23.8	83.1	0.46835443	12.8	108.4	92.8	115.5	17.8	12.8	24.4
Alan Trejo	676701	339	379	72.1	32.8	77.4	0.414448669	2.8	98.7	84.9	105.6	23.5	7.9	29.9
Bligh Madris	676632	177	207	66.6	24.4	79.4	0.547169811	9	104.1	87.6	110.2	25.1	11.6	23.8
Brewer Hicklen	676551	335	385	68.5	25	71.6	0.54973822	12	105.9	90.7	113.5	30.4	10.4	37.8
Jack Winkler	676466	249	282	62.8	28.8	76.5	0.544871795	3.4	103.1	86.2	108.5	28	9.2	25.9
Hunter Feduccia	676439	276	333	62.9	19.2	83.5	0.4	7.2	105.2	90.2	109.8	21.3	15.6	27.5
Ryan Noda	676116	202	292	61.7	13.7	67.9	0.72826087	12.2	107.7	88.5	113.1	32.2	22.6	32.8
Zach DeLoach	676113	156	181	71.7	27.5	79	0.611650485	9.3	104.9	89.6	110.9	27.6	12.2	17.6
Jacob Amaya	676070	188	217	53.6	15.9	81.1	0.417910448	8.1	101.4	88.1	107.2	28.6	12.9	9.5
Bob Seymour	676044	403	444	81.9	38.7	76.3	0.501466276	10.5	107.2	90.1	117.9	25.5	8.6	35.1
Alika Williams	675961	348	387	73.3	34	88.3	0.409482759	3.9	101.2	85.6	110.3	17.6	7	26.7
Jonathon Long	675085	513	603	58.7	24.3	85.8	0.401869159	9.7	106	90.9	111.6	19.1	13.1	18
Jacob Hurtubise	674441	146	208	58.9	21	84.9	0.263736264	0	98.9	76.7	104.7	18.3	15.9	23.3
Davis Wendzel	673995	307	352	64.8	23.7	84.7	0.380681818	6.1	103.2	87	110.4	17.9	10.2	40.9
Ha-Seong Kim	673490	71	91	52.6	18.9	89.1	0.297297297	0	98.6	83.2	105.1	11	16.5	35.7
Steward Berroa	672642	246	307	67.3	25.4	78.8	0.420454545	2.2	101.7	83.4	109.9	25.7	14	33.7
Gustavo Campero	672569	139	164	75.4	26.4	86	0.333333333	1.7	100.5	85.1	107	12.2	9.8	25
Tirso Ornelas	672359	317	366	62.2	25.3	87.7	0.412371134	2	105.3	86.4	111.9	17.2	12.6	36
Jarred Kelenic	672284	362	400	70.3	31.1	79.6	0.515748031	7.6	103.1	88.9	108.5	27.5	9	33.3
Michael Siani	672279	365	427	63	25.8	80	0.467248908	2.7	100.9	83.2	109.7	24.8	11.7	26.1
Denzel Clarke	672016	103	135	60.4	20.3	81.5	0.590163934	3.9	107.4	87.5	115.2	22.2	17	23.8
Tyler Black	672012	222	269	65.2	20.7	79.6	0.53125	3.3	102.1	87.2	108	26.4	16	18.2
Damiano Palmegiani	671913	138	167	63.9	22.9	79.5	0.684931507	6.5	105.5	87.1	111	28.1	10.8	41.2
George Valera	671655	94	107	65.1	24	82.7	0.648148148	6.1	105.4	89.9	111.8	25.2	12.1	43.3
Tim Elko	671284	373	409	63.8	32.1	78.5	0.529411765	12.9	107.7	91.5	116.7	29.3	8.3	29.4
Drew Waters	671221	206	227	72.7	31	83.6	0.572413793	6.5	103.2	86	109.5	29.1	9.3	30.8
Darren Baker	671117	336	389	64.4	29.6	86.9	0.248945148	0	100	84.9	109.7	17.7	11.3	6.3
Buddy Kennedy	671083	328	382	65.5	21.3	86.4	0.397435897	2.6	102.8	88.6	109.1	14.4	11.3	30.7
Yunior Severino	670870	101	125	63.4	28.3	75.8	0.662921348	10.5	107.6	94.4	112.5	35.2	18.4	17.4
Livan Soto	670869	310	367	68.2	27.4	85	0.425	0.9	97.1	83.6	103.1	21.8	12	32.3
Abrahan Gutierrez	670868	88	99	69.2	28.1	80.5	0.472727273	0	101.2	87.6	104.5	21.2	8.1	16.1
Mike Brosseau	670712	301	344	63.1	27.9	84	0.415	4.3	100.5	86.8	106.8	19.8	9.6	21.6
Jose Rojas	670351	445	518	66.5	27	83.7	0.364820847	12.7	104.9	92.1	110.8	20.8	12.5	43.5
Cal Stevenson	670276	273	349	55.9	17.9	83.4	0.360902256	5	101.4	86.2	106.2	22.3	16.9	13.7
John Rave	670231	231	276	56.9	24.1	81	0.466666667	6.8	106.4	85.7	111.8	22.1	11.6	30.4
Kameron Misner	670224	137	161	63.3	24.8	75.4	0.549450549	13.6	106.4	91.6	112.1	26.7	15.5	20
Matt Mervis	670223	242	268	74.5	26.1	75.8	0.592592593	12.6	106.2	90.6	111.2	25.4	8.2	53.8
Miles Mastrobuoni	670156	115	137	49.6	20.4	91.7	0.25	2.1	99.3	85.8	101.9	12.4	18.2	6.3
Nate Mondou	670148	463	549	69.7	29.3	88.7	0.301242236	2	98.7	83.7	107.8	14.2	11.8	24.1
Zack Short	670097	384	471	61.5	17	82.1	0.505434783	8.7	102.2	89.7	107.3	25.1	16.6	33.3
Trenton Brooks	670092	319	397	66.8	24.1	87	0.328282828	3.4	100.4	85.6	109.5	15.9	16.1	46.2
Nicky Lopez	670032	258	299	63.3	21.8	86.9	0.35	0.4	98.8	84.4	106.8	12	10.7	15.5
Michael Toglia	669911	157	174	68.6	27.1	83.4	0.606382979	10.2	104.8	91.1	108.5	25.9	10.9	29.3
Ryan Ward	669899	566	649	60.9	25.9	83.8	0.325842697	10.4	104.7	91.5	111.4	18.5	12.8	24.7
Darick Hall	669742	179	208	63.7	31.1	80.8	0.597222222	7.4	106.2	87	112.1	27.9	10.6	34
Logan Davidson	669722	340	424	64.4	21.5	79.4	0.599033816	7.3	103.7	88.5	109.6	28.1	17.2	30.1
Will Wilson	669717	260	289	71.7	29.9	80.1	0.53038674	7.9	103.1	89.2	109	22.5	9.3	27.6
Braden Shewmake	669699	277	315	73.8	36.9	82.3	0.31838565	3.5	100.8	86.9	109.3	16.5	9.5	37
Devin Mann	669471	163	199	59.4	19.2	85.7	0.525	1.6	98.7	85.7	104.9	18.1	14.1	38.5
Cooper Hummel	669450	148	185	69.5	19.8	83.1	0.558441558	13.3	105.6	88.5	115.7	22.7	18.4	40.4
Gage Workman	669398	308	352	68.1	27.8	72.3	0.637168142	14.8	105.4	90.7	111.3	38.6	11.9	28.8
Samad Taylor	669392	535	654	59.5	27.4	86	0.354114713	3.1	99.9	82	109.7	18.8	11.2	27.2
Raynel Delgado	669384	408	472	75.1	27.9	86.8	0.404761905	3.1	101.5	83	109.4	19.9	10.2	27
Keston Hiura	669374	381	446	73.1	27.7	75.1	0.545454545	14.6	105.5	89.4	110.3	27.6	10.5	17.4
Bryce Johnson	669369	165	201	67.9	26.3	86.3	0.535714286	3.3	102.4	85.2	105.9	24.4	12.4	28.3
Jose Miranda	669304	334	367	68.9	33	87.4	0.416309013	2.2	101.4	85.1	109	15	8.2	27.6
Daniel Johnson	669288	206	220	73.9	28.2	80.3	0.479338843	10.1	105.8	90.9	114.7	17.3	5.5	36.2
Jack Suwinski	669261	191	231	66.2	21.6	78	0.594827586	15.2	108.5	92.1	113.6	29.9	13.4	31.2
Nick Solak	669256	417	480	61.8	26.4	86.5	0.329457364	4.8	104.8	88.4	111.3	13.8	9.8	28.6
Jeremiah Jackson	669236	162	171	81	40.4	81.1	0.330708661	13.4	105.8	90.9	111.3	11.7	3.5	27.1
Justyn-Henry Malloy	669234	261	329	60.4	15.3	81.7	0.568807339	8.2	103.2	89	110.8	20.4	17.3	28.3
Nick Senzel	669222	353	412	67.5	26.1	85.8	0.407035176	4.6	101.1	86.9	108.6	18.4	10.9	28.9
Mason McCoy	669200	326	389	62.3	27.9	87.4	0.475336323	3.3	101.2	84.9	105.6	25.4	11.1	32.6
Armando Alvarez	669137	137	153	63.2	32.5	82	0.285714286	5.4	104.8	88	110.5	28.8	9.2	24
Luis Campusano	669134	393	470	60.7	21.8	84.7	0.4	13	108	93.3	114	17.4	15.1	30.3
Sam Huff	669087	90	99	71.4	23.5	73.6	0.653846154	13.2	107.4	94.8	113.5	34.3	12.1	17.2
MJ Melendez	669004	431	477	72.2	32.5	76.6	0.548494983	9.1	106.1	93.1	112	27.7	8.2	41.1
Ryan Kreidler	668952	329	402	72	22.2	76.2	0.619565217	10.7	102.1	86.7	105.4	27.1	14.4	29.2
Austin Martin	668885	113	139	65	19.2	92.1	0.480769231	1	101.8	84.1	108	12.2	15.1	18.8
Austin Shenton	668853	300	352	70	26.8	78.5	0.537688442	10	103.4	88.2	109.2	26.1	12.8	35.7
Aaron Schunk	668845	320	363	68.4	37.7	87.8	0.433460076	3.1	102.3	85.8	107.5	18.2	8	30.3
Conner Capel	668843	359	410	67	26.3	85.8	0.386363636	5.3	101.1	85.3	106.7	20	10	30.6
Andrew Knizner	668800	98	130	51.6	19.2	92.4	0.442307692	3.7	104.7	89.6	109.8	13.8	14.6	15.9
Duke Ellis	668752	168	192	73.1	22.6	82	0.435294118	4.8	103.4	85.6	109.7	25.5	7.3	18
Akil Baddoo	668731	383	450	65.7	26.8	79.3	0.4743083	10	104.1	87.6	111.5	24.4	14.9	40.1
Ryan Vilade	668723	397	462	67.5	26.3	86.4	0.360323887	9.3	106.5	90.1	113.4	19.3	10.8	26
Payton Henry	668721	240	267	70	33.1	79.1	0.550295858	9.8	105.9	88.8	112	26.2	7.5	16.9
JJ Bleday	668709	117	132	67.5	26.6	79.7	0.363636364	6.3	103.5	86.2	109.2	18.9	9.1	46.7
Nick Pratto	668472	370	417	63.5	23.2	76.4	0.544186047	4.5	101.1	86.8	107.5	28.8	11	24.5
Corey Julks	667452	436	485	61.4	24.4	86.8	0.44017094	3.3	102.6	86.2	109.8	20.2	9.7	22
Jared Oliva	666931	344	394	61.6	31.2	85.7	0.489539749	3	101.7	83.6	108.4	20.6	8.6	34.9
Bobby Dalbec	666915	402	452	60.3	29.1	72.3	0.54723127	17.1	108.7	93	115.4	34.1	10	30.4
Rodolfo Castro	666801	454	522	65.7	31.5	82.7	0.48265896	7	105.8	87.6	112.8	22.6	10.3	37.1
Eguy Rosario	666703	98	110	70	28	67.6	0.476190476	1.4	103.5	85.6	109.9	23.6	9.1	28.6
Jerar Encarnacion	666464	84	98	57.3	33	83.3	0.573529412	10.5	106.3	89.6	111.4	27.6	11.2	4
Edouard Julien	666397	239	300	58.8	17.1	79	0.45045045	7.6	103.7	88.9	107.9	27.3	17.7	16.7
Carter Kieboom	666198	366	402	70.9	32.5	85.4	0.491935484	3.5	103.5	87.8	108.5	18.9	7.5	33.8
Dylan Carlson	666185	102	125	66.1	18.5	82.7	0.509433962	3.8	101.7	89.1	109.8	19.2	18.4	37.8
Hunter Bishop	666183	317	357	69.1	29.7	81.5	0.61	6.9	107.5	89.6	112.7	29.7	7.6	28.7
Will Benson	666181	153	178	66.8	24.3	77.1	0.522727273	11.4	106.6	89.3	113.4	27.5	12.4	16
Blake Sabol	666165	217	254	67.4	25.7	76.3	0.68115942	5.7	103.8	88.3	109.6	29.9	11.8	25.7
Ben Rortvedt	666163	117	137	64.1	26.1	79.5	0.567567568	5.3	102.3	84.8	108	31.4	10.2	14.3
Dominic Fletcher	666150	401	448	72.9	34.9	88.8	0.437908497	4	102	85.7	110.5	19.4	6.5	31.8
Tyler Fitzgerald	666149	210	233	73.5	28.5	78.4	0.503496503	4.7	102.2	85.8	107.9	26.2	7.3	32.5
Carlos Cortes	666126	267	314	64.4	28.5	82.7	0.291005291	6.4	105	90.7	109.9	14.6	13.1	30.4
Esteury Ruiz	665923	404	491	66.4	24.9	83.8	0.435294118	7.7	102.6	83.6	109.1	17.9	13	31.8
Jair Camargo	665856	113	120	66.5	38.6	76.6	0.618556701	13.4	108.8	90	112.9	38.3	5.8	24
Luis De Los Santos	665782	356	380	64.2	37.6	85	0.505494505	3.1	106.4	87.2	114.4	25	4.7	28
Leody Taveras	665750	323	369	63.3	25.4	87.5	0.366336634	5.9	106	89.9	111	15.2	10.8	24
Cristian Pache	665506	242	290	62.7	26	82.3	0.516339869	5.2	103.7	86.2	108.4	26.6	11.7	33.8
Jake McCarthy	664983	199	237	74.4	24.9	89.9	0.440366972	1.1	101.3	84.1	108.8	13.9	10.1	24.1
Brett Sullivan	664954	270	292	74.2	29.6	89.8	0.381818182	2.3	99.8	85.9	108.5	16.1	7.2	28.2
Seth Brown	664913	145	161	76.6	26.3	82.6	0.511904762	9.6	105.3	90.1	111.5	19.3	9.3	38.9
Seby Zavala	664874	209	250	63.6	27.4	75.2	0.653061224	7.3	101.7	84.1	106.7	37.2	12.8	52.1
P.J. Higgins	664731	370	404	65.3	32.4	87.1	0.405204461	2.7	100.8	86.7	110.3	18.3	7.2	20.9
Scott Kingery	664068	224	243	71.6	35.5	79.4	0.38372093	4.3	101.5	88.1	107.8	25.1	6.6	23.1
Sam Haggerty	664059	86	98	72.5	29.7	84.3	0.450980392	4.7	104.3	88.7	109.2	21.4	9.2	20
David Fletcher	664058	204	217	62.8	35.7	87	0.192592593	0	96.3	80.8	107.7	13.8	3.2	27.3
Luke Williams	663897	88	96	78.2	32.6	72.9	0.596774194	1.8	99.7	80.7	108	33.3	7.3	23.3
Connor Kaiser	663731	223	273	70.8	22.7	78.6	0.576271186	7	102.1	82.9	106.7	27.1	13.2	21.4
Daz Cameron	663662	254	295	64.5	24.9	80.2	0.487179487	11.8	107.7	92.2	112	22.4	11.5	25.2
Luken Baker	663609	345	407	67.3	23.3	79.8	0.563981043	10.3	105.6	90.4	111	25.3	14	40.4
Brandon Lockridge	663604	133	158	65.1	25.6	85.4	0.409638554	4.7	104.7	89.8	108.4	17.1	13.3	17.6
Hayden Senger	663584	165	182	66.6	34	82.1	0.483050847	8.1	104.4	87.9	109.8	24.2	5.5	41
Tristin English	663536	382	415	76.3	41.1	81.9	0.320512821	6.6	104.1	87.8	111.5	14.9	5.1	22
Bryan Torres	663494	328	415	58.9	20.8	90.8	0.363636364	2.1	99.5	84.5	105.4	13.7	16.9	27.5
Jahmai Jones	663330	169	205	68	23.8	80.3	0.535353535	10.7	105.3	90.6	113.7	22.4	11.7	25.9
Brian Serven	661531	198	233	64.9	31.1	79.7	0.5	2.9	102.2	86.7	108.8	25.3	12	31.3
Leo Rivas	660844	218	301	56.1	13.7	86.2	0.421052632	2.9	99.3	83.6	103.6	19.6	20.6	38.6
Juan Yepez	660766	211	235	70.5	29.1	88.4	0.321917808	1.6	103	86.5	107.6	12.3	8.9	34
Eddy Alvarez	657193	157	198	59.9	25.1	86.4	0.453703704	3.5	102.4	84.9	108.3	22.7	14.1	30.8
Forrest Wall	657088	280	341	60	26.1	83.5	0.452513966	6	101.9	85.1	109	22.3	11.4	28.7
Emmanuel Rivera	656896	222	247	73.1	27.7	80.8	0.561983471	1.7	101	89	108.9	20.2	7.7	15.7
Jakson Reetz	656883	193	228	65.9	33.4	79.3	0.522580645	8.9	102.6	80.7	106.6	26.3	11	53.4
Connor Joe	656582	173	202	61.2	20.6	84.5	0.296703297	0.7	102.9	85.7	108.8	16.8	14.4	31.4
Alex Jackson	656577	162	186	73.5	33	72.2	0.625899281	9.8	108	89.1	112.2	28.5	10.2	44.4
Sam Hilliard	656541	361	413	67.5	23.8	74.2	0.525	10.6	106.9	91.1	113.2	25.7	11.4	33.1
Tristan Gray	656484	242	282	78.6	32.7	79.3	0.541666667	9.1	106.2	90.2	111.9	23.8	8.5	38.9
Michael Chavis	656308	257	284	71.2	31.1	82.7	0.514619883	9.4	107.4	90.5	111.8	23.2	8.5	43.6
Sean Bouchard	656248	244	301	63.8	22	78.7	0.635135135	7.8	104.1	87.3	109.3	30.2	16.6	25.8
Andruw Monasterio	655316	112	131	65.2	27.8	84.3	0.525	12.2	103.1	89.5	107.6	23.7	12.2	34
Diego Castillo	650895	232	263	52.3	26.4	80.1	0.288732394	2.8	100.4	85.8	107	19.4	11	21.7
Bryan De La Cruz	650559	369	412	66.3	29.3	78.8	0.411538462	10.5	104.8	90.3	110.2	25	8.5	19.9
Abraham Toro	647351	184	217	65.2	24	74.9	0.564102564	8.5	101.5	86.1	108.9	25.8	12.4	37
Mike Ford	645801	162	191	64.2	26.9	76.9	0.440677966	7	106.8	90.6	111.1	24.6	14.1	39
Chadwick Tromp	644433	188	208	65	35.2	76.2	0.466216216	2.9	102.7	84.8	107.3	25	8.2	31.7
Garrett Cooper	643265	123	139	65.3	31.7	74.6	0.357142857	4.4	103.8	86.5	109.3	23.7	9.4	17.4
Weston Wilson	642215	103	123	62.9	26.5	82.3	0.485714286	6.5	104.8	88.9	108.5	21.1	14.6	36.8
Jamie Westbrook	642197	371	430	67.5	28.1	82.9	0.4	5	102.4	86.7	110.6	16	10	19.6
Tyler Wade	642180	102	121	55.6	22.1	86.2	0.517857143	2.5	97.9	82.1	104.8	21.5	12.4	17.5
Dominic Smith	642086	165	190	70.6	27.6	82.9	0.418367347	9.4	103.2	89.6	108.7	15.8	10.5	45.9
Chuckie Robinson	642020	284	317	68.8	33.4	79.6	0.445454545	4.4	103.7	87.4	108.7	24.9	7.9	20.4
Joshua Palacios	641943	66	81	76.9	29.4	77.7	0.431818182	9.8	102.7	89.3	109.4	19.8	13.6	41.4
Billy McKinney	641856	335	382	70.3	26	80.1	0.545454545	6.6	103.4	88.5	109.7	23.8	11.5	25.7
Charles Leblanc	641779	79	95	62.2	22.1	84.8	0.302325581	0	99.2	82.3	105.9	20	12.6	14.3
Luis Guillorme	641645	215	263	57.5	20.5	88.1	0.219512195	0.6	97.8	85.4	105.9	18.3	17.5	18.7
J.C. Escarra	641555	110	133	62.8	21.8	87.5	0.448275862	1.1	102.6	90.5	108.3	17.3	13.5	30.9
Jason Delay	641511	195	211	75.7	30.3	89.3	0.467213115	0.6	99.8	82.6	105.5	17.5	6.6	16
Jhonny Pereda	640902	159	192	63.9	18.9	79.1	0.454545455	6.2	102.8	89.7	110.6	20.8	16.1	24.1
Brian Navarreto	640459	153	176	67.5	37.9	82.1	0.409090909	4.2	101.6	87	109.4	22.2	9.1	38.8
Riley Unroe	624523	191	235	71.4	22	77.1	0.472222222	1.4	99.3	85.5	105	19.1	16.2	26.3
Reese McGuire	624512	73	86	67.4	33.3	89.5	0.37037037	4.8	104.2	90.3	108.4	14	11.6	42.4
Cavan Biggio	624415	249	293	60.6	15.1	87.6	0.525	1.7	97.5	85.3	106.2	25.3	11.9	33
Christian Arroyo	624414	169	187	79.6	36.8	82.2	0.338345865	8.7	105.5	88.3	110	19.3	8.6	24.2
Andrew Velazquez	623205	315	369	82.8	37.5	72.5	0.492805755	4.5	101.9	82.1	108	25.2	7.6	27.9
Pablo Reyes	622569	157	189	64.8	22.7	88.7	0.314606742	5.2	102.5	86.7	110.2	15.3	11.6	30
Manuel Margot	622534	128	145	68.1	32.1	85.7	0.402061856	1.1	102.2	85	109.3	18.6	8.3	16.7
Donovan Walton	622268	433	499	73	24.9	87.6	0.439688716	5	101.8	87.7	110.5	13.2	11	31.8
DJ Stewart	621466	136	159	75.1	23	67.2	0.551282051	6.7	103.2	87.7	109.4	30.2	12.6	30.8
Richie Martin	621006	258	300	75.4	32	80.6	0.494736842	2	102.1	85.4	109.1	21	7.7	20.5
Franchy Cordero	614173	149	167	74.9	29.7	74.9	0.62745098	5.6	107.4	90.5	114.9	25.7	9	19.6
Joey Meneses	608841	385	420	71.5	27.1	86.4	0.354066986	6.9	104.5	89.7	110.8	14.5	6.9	29.2
Travis Jankowski	608671	65	75	54.1	16.8	84.8	0.444444444	5.7	102.9	87.8	105	16	13.3	28.6
Nick Martini	605361	289	356	58.5	19.6	88	0.371428571	3.1	101.3	87.3	108.7	18.5	13.8	29.1
Aramis Garcia	605244	240	296	61.2	23.9	81.4	0.514084507	12.7	103.8	89.4	111.4	27.4	15.2	43.8
J.D. Davis	605204	183	213	77.4	32.4	73	0.550387597	9.4	105.8	90.7	111.9	26.3	9.9	15
Jeimer Candelario	600869	284	323	66.2	29.9	76.4	0.5	6.3	103.2	86.2	108.3	29.1	9.6	48.5
Garrett Stubbs	596117	246	310	70.8	26.6	86.6	0.467532468	3	100.6	83	109.9	20	10	43
Jorge Alfaro	595751	307	327	78.9	49.1	68	0.577777778	13.2	109	89.5	113.2	36.4	3.4	20.7
Eddie Rosario	592696	128	153	61.1	26.7	75.9	0.337349398	8.1	103.5	92.1	109.5	21.6	12.4	23
Ben Gamel	592325	163	195	64.9	18.6	80	0.65	8.2	104.7	88.8	110.4	25.1	16.4	23.6
Brandon Drury	592273	172	201	55.3	21.2	86.1	0.477777778	6.3	105.7	88	110.5	20.9	12.4	24.6
Jon Singleton	572138	392	471	65.4	20.5	80.7	0.529953917	8.8	105.6	89.8	112.1	26.5	16.1	40.7
Max Muncy	571970	123	141	62.6	28.4	86.7	0.539473684	12.1	108.8	89.8	112	22.7	7.8	41.5
Luke Maile	571912	82	101	59.9	19.7	80.4	0.476190476	5	100.9	86.4	106.6	21.8	17.8	26.5
Tucker Barnhart	571466	102	125	64.4	23.7	83	0.442622951	1.2	100.5	84.9	103.9	19.2	13.6	26.8
Albert Almora Jr.	546991	291	326	64.1	28.9	85.2	0.370165746	2.5	102.8	87.6	108.9	17.2	8.3	18.1
Ildemaro Vargas	545121	211	242	61.4	26.3	93.6	0.208	3.7	103.1	87.5	110.2	9.1	8.7	36.1
James McCann	543510	148	161	66.3	39.1	82.9	0.472727273	11.9	105.6	89.6	111	25.5	5.6	24.6
Christian Bethancourt	542194	195	214	78	40.4	79.2	0.58125	7.5	105	86.7	109.9	26.2	5.1	31.4
Yasmani Grandal	518735	78	94	54.5	13.5	86.1	0.44	7.8	103.3	88.8	108.2	16	13.8	25.8
